cuts average:64.75873438517253 : 
[array(64.68025, dtype=float32), array(64.494446, dtype=float32), array(64.42262, dtype=float32), array(64.40975, dtype=float32), array(64.55516, dtype=float32)]
[array(65.36365, dtype=float32), array(66.33176, dtype=float32), array(65.26878, dtype=float32), array(64.81851, dtype=float32), array(65.15815, dtype=float32)]
[array(65.24516, dtype=float32), array(63.120316, dtype=float32), array(65.03694, dtype=float32), array(63.994007, dtype=float32), array(64.48151, dtype=float32)]
128-fix average:[88.33112  86.95607  93.77314  87.84879  90.92599  88.160576 92.573006
 92.07343  90.99409  87.15476  90.095116 94.24096  92.95842  88.69519
 91.0321   94.10013  87.21596  81.3911   92.50825  91.71186  91.89536
 91.49825  85.18454  86.09204  95.84145  90.34965  91.06543  90.37633
 87.14957  86.88894  90.07876  91.129036 87.466156 98.16378  90.76299
 90.933846 85.06453  85.997055 92.093285 92.078835 90.5836   85.373764
 88.606575 87.471275 88.6766   91.45236  96.072655 92.96465  89.86844
 86.61373  88.68688  91.476234 91.17227  84.915565 95.27687  91.85726
 90.3719   86.92822  93.79719  94.50418  96.22839  87.48612  92.520645
 89.328285 95.88825  91.70364  92.10396  88.777    86.37066  89.03182
 92.10399  97.256065 94.54629  89.59565  95.74345  90.54842  91.70351
 89.3804   90.99909  86.55468  90.69893  91.60362  84.43705  89.708084
 94.34394  95.211685 93.88541  93.44389  86.86321  92.36889  88.55338
 95.21167  89.00352  91.59372  93.61307  91.58742  90.35148  90.79781
 94.90975  91.96642  91.56834  96.18481  91.11044  94.9583   96.69356
 87.37847  91.88116  91.700935 93.902016 93.59803  95.391655 87.314995
 94.07247  90.73925  85.68648  98.01546  90.443146 93.00537  91.32847
 85.46227  92.736595 90.59553  93.00194  92.51779  89.03071  91.63134
 92.53984  89.24089  91.17238  88.22473  89.668304 87.36094  90.6104
 90.63454  91.3001   88.187225 86.181885 92.8479   92.325485 90.89648
 85.472916 92.32571  86.804794 95.75066  86.62999  84.78391  90.997055
 85.628265 90.56844  87.68209  91.957886 93.552895 92.18544  88.7741
 86.07534  90.32143  90.799995 91.560776 88.43153  85.531715 94.2415
 92.41557  89.85425  91.36775  95.034454 91.06605  90.96457  92.85808
 86.72997  88.05905  88.70041  90.973595 93.369675 92.281044 91.16247
 95.17947  89.8663   83.690155 84.80212  86.685135 93.564    93.32874
 86.67974  88.4678   81.2856   91.577415 90.42669  91.386925 93.477036
 88.39258  89.24105  89.43021  93.10908  93.9094   92.86434  92.49571
 88.39979  95.958084 88.61496  91.33442  93.68504  89.80016  91.07547
 89.3363   91.45478  92.23655  82.10173  86.87245  87.54259  95.40222
 92.69402  94.7267   88.51084  90.650635 90.99427  93.05791  97.84151
 95.86575  93.22813  91.57935  94.89824  90.85213  91.448845 91.94311
 92.22609  84.19701  88.74802  98.47959  90.05958  87.790886 89.32192
 92.716034 92.99848  90.41656  90.37362  93.29873  92.2993   86.477005
 89.70687  91.873985 91.71335  86.30456  90.71263  90.49438  94.45519
 90.871666 86.80398  92.28676  92.94214  89.68868 ] : 
[array([ 84.146545, 101.53914 ,  69.18376 ,  92.703125,  98.22766 ,
        99.32126 ,  73.28616 ,  93.97406 ,  97.7094  ,  98.57231 ,
        93.3571  ,  94.194496, 104.27637 , 103.75479 ,  87.42815 ,
        75.275986,  93.0925  ,  69.36005 ,  91.28064 ,  79.09615 ,
       105.65309 ,  90.267914,  95.38381 ,  86.22401 ,  88.05342 ,
        91.856964,  76.313965,  93.9824  ,  98.527985, 117.352844,
       104.29115 ,  91.37425 ,  74.171265,  91.03056 ,  74.90289 ,
        78.983536,  87.90167 ,  81.353294, 108.2149  , 108.2657  ,
        85.044174,  89.1888  ,  87.367195,  91.129005,  92.02234 ,
        83.24124 , 105.81057 ,  82.85178 ,  71.00058 ,  87.66765 ,
       121.48176 , 104.325836,  69.57065 ,  78.45691 ,  89.15219 ,
       110.80159 , 106.67542 ,  95.93711 ,  84.96425 , 100.915436,
        77.436714, 125.22334 ,  83.2556  ,  87.65566 ,  87.392365,
        91.74515 ,  82.057175,  90.40183 ,  78.994675,  65.99907 ,
        69.853546,  96.13765 ,  81.94712 ,  87.3787  , 104.39062 ,
       110.22891 ,  88.276505,  79.505585, 101.755684,  72.0607  ,
        92.74022 ,  90.51675 ,  82.36833 ,  85.78106 , 105.51102 ,
        96.55694 ,  99.70191 ,  91.002975, 103.77283 ,  72.47582 ,
        98.60025 , 100.54064 , 107.39203 ,  71.88901 ,  91.28322 ,
        96.4339  ,  83.807175,  90.11411 ,  78.77822 ,  82.63875 ,
       105.148674,  82.903595,  92.09592 ,  94.58351 ,  95.15321 ,
        94.76672 , 109.41696 ,  80.61253 ,  72.17793 ,  94.95059 ,
        95.59003 ,  74.04111 ,  92.800224, 116.04126 , 107.121765,
        74.44436 , 106.93229 ,  72.540436, 107.12073 ,  72.58151 ,
       102.10286 ,  92.296364,  89.54571 ,  85.76621 ,  81.82654 ,
        86.555565,  84.54419 ,  68.14852 ,  93.91783 ,  78.092026,
        83.599   ,  93.72435 ,  70.21475 , 101.13498 , 131.12186 ,
        76.18797 ,  76.10886 ,  92.18312 , 125.01253 ,  72.13647 ,
        71.4785  ,  84.55231 ,  78.68152 ,  84.44043 ,  65.01579 ,
        72.52139 ,  92.8058  ,  81.748924,  97.25433 ,  90.5412  ,
        85.524574,  87.02661 ,  90.38017 ,  80.03719 ,  94.11913 ,
        75.98328 ,  80.848465,  82.2574  ,  94.399315,  87.05351 ,
        96.07866 , 113.830185,  97.96835 ,  95.56091 ,  84.212616,
       112.174965,  92.68655 ,  68.54764 ,  69.203156,  85.48663 ,
       101.16243 ,  84.0721  ,  87.49956 ,  79.76856 , 111.79712 ,
       103.42405 ,  94.854866,  72.54133 ,  78.7291  ,  69.492294,
        68.95859 ,  98.29083 , 102.601135,  83.93505 ,  96.43367 ,
        72.05566 ,  86.23451 , 106.742325,  93.916534,  84.11211 ,
        94.38966 , 110.15906 ,  91.7052  ,  88.529465,  95.84608 ,
        95.4044  ,  91.92798 ,  93.66455 ,  66.02879 ,  89.49304 ,
       105.557465, 100.306305,  82.53053 ,  79.08676 ,  71.74722 ,
        85.98208 ,  72.31321 ,  93.5477  ,  71.95848 , 109.65095 ,
        72.76512 ,  57.482258,  79.980675,  72.33706 , 108.42105 ,
       103.81167 , 107.001274,  93.94281 ,  87.84758 ,  94.621765,
        89.731224, 100.62741 ,  97.71623 ,  91.785126,  86.41599 ,
        89.17096 ,  93.80937 , 121.05711 ,  77.58486 , 100.12599 ,
        77.28885 , 103.43277 ,  90.02428 , 100.28854 ,  96.29509 ,
        90.951546,  88.435074,  79.39816 ,  86.13785 ,  81.162224,
        90.403564,  94.80997 , 109.75246 , 110.26697 , 102.11332 ,
        97.90474 , 106.96401 ,  84.68921 ,  90.455444,  89.47728 ],
      dtype=float32), array([102.602875,  63.4465  , 103.132065,  90.82507 ,  83.77562 ,
        94.69797 ,  81.69955 ,  97.08294 , 102.928276,  92.46625 ,
        59.379707, 115.02385 , 107.48541 ,  80.19107 ,  91.33952 ,
        83.36368 ,  90.08198 ,  87.49266 ,  84.541916,  77.68616 ,
        87.40787 , 101.23631 ,  74.43797 , 119.44159 , 103.493164,
        97.542366,  88.6792  ,  87.47484 ,  80.03294 ,  90.08198 ,
        74.90091 , 101.86873 ,  83.83621 , 100.627945, 101.15912 ,
        80.4422  ,  57.731995,  96.16199 ,  75.25389 ,  75.532   ,
       116.21381 ,  95.6157  ,  87.79794 ,  78.55231 ,  90.74966 ,
       107.71347 ,  97.38098 ,  96.434204,  91.29879 ,  88.28308 ,
        89.24335 ,  86.33432 ,  70.60919 , 100.17775 ,  97.895386,
        93.22224 ,  99.94125 ,  89.58879 ,  81.76683 , 110.32573 ,
        79.241516,  60.480927,  95.8474  ,  94.72551 ,  88.54523 ,
       102.11934 ,  92.85585 ,  97.662994,  79.94079 ,  76.70384 ,
        93.0639  ,  86.6466  , 110.88276 , 108.1955  , 112.79428 ,
        86.533585,  91.80943 ,  64.842606,  80.427925,  85.92256 ,
        73.99272 , 102.07853 ,  83.42839 ,  99.66145 ,  82.13773 ,
        96.51503 , 109.752335,  93.313675,  89.45126 ,  92.85326 ,
       102.11241 ,  77.77527 ,  79.33464 ,  93.20626 ,  88.89697 ,
       106.49872 ,  87.46886 ,  80.082306,  95.53508 ,  99.95289 ,
        92.36855 ,  99.92644 ,  78.8185  ,  95.72926 ,  99.41939 ,
        72.74713 ,  92.66628 ,  90.43402 ,  98.87153 , 106.43978 ,
       102.82036 ,  84.84822 ,  88.66669 , 103.51073 ,  80.11517 ,
        88.10812 ,  78.449814,  90.130035,  84.376465,  97.46887 ,
        91.36549 ,  78.84233 ,  82.854675,  91.18179 ,  90.484955,
        84.94792 ,  81.78263 ,  78.33209 , 123.62822 ,  88.09285 ,
        80.35698 ,  88.99737 , 100.15738 ,  80.62746 ,  93.83972 ,
       102.90015 ,  76.324066,  74.95663 ,  94.451385,  90.23268 ,
        88.96908 ,  94.708084,  92.12331 , 113.03003 ,  83.159515,
        85.402626,  91.05061 ,  98.63272 ,  84.415955,  91.159584,
       107.58652 ,  89.08641 ,  97.4953  ,  82.47853 ,  58.325306,
       105.0301  ,  92.78334 ,  89.61244 ,  95.76718 ,  80.87808 ,
        87.31078 ,  76.73605 ,  96.23279 ,  77.1949  ,  99.456116,
        92.40019 ,  75.20242 , 104.300995,  90.68197 ,  81.795135,
        92.951485,  73.07495 ,  90.649506, 105.75013 ,  73.31706 ,
        84.29034 ,  83.837006,  88.289566,  75.227554,  82.218735,
       102.52287 , 108.39509 ,  71.99956 ,  87.346634,  79.58066 ,
        92.30114 , 111.08537 ,  98.186844,  99.801056,  92.01605 ,
        89.110794,  84.27997 ,  84.42727 ,  73.66678 ,  91.415054,
        86.42285 ,  89.010864, 112.62883 ,  68.09396 ,  96.778946,
        77.52721 ,  80.747505, 107.39198 ,  68.5073  ,  99.67877 ,
        84.106995,  91.926834,  91.63199 ,  79.66823 ,  99.599686,
        90.98279 , 109.77304 ,  70.29321 , 100.69676 ,  86.6107  ,
        94.62132 , 101.464035, 104.77536 , 111.03795 , 112.67525 ,
        92.50218 ,  77.28874 , 135.25925 ,  79.04252 ,  85.29651 ,
        75.004105, 101.08896 , 124.88316 ,  89.18857 ,  86.934845,
        90.65215 , 111.75041 , 104.31723 ,  87.97504 , 105.013245,
       113.104485,  87.06152 ,  71.39525 ,  79.79932 , 100.79045 ,
        75.43914 ,  96.96658 ,  71.55391 ,  92.8177  ,  77.59072 ,
       110.22887 ,  81.31273 ,  98.869064,  63.253227,  67.26873 ],
      dtype=float32), array([ 83.855934,  86.82301 ,  79.98169 ,  82.37587 , 102.06993 ,
        83.05238 ,  95.03871 ,  88.723076,  75.20371 ,  87.59944 ,
       102.50424 , 105.78267 ,  63.341377,  85.11769 ,  88.54596 ,
        63.619415,  92.57201 ,  99.77758 , 106.93233 ,  96.15959 ,
        80.089714, 101.51636 ,  82.43161 ,  84.82132 ,  93.398026,
        71.17636 ,  93.910126,  61.65903 ,  89.14903 ,  81.06494 ,
        91.276535,  94.2065  , 100.85786 ,  90.97484 ,  80.17862 ,
        91.24336 ,  82.051346,  69.83887 ,  76.02498 , 115.08972 ,
        89.36565 ,  95.733284,  73.3813  ,  72.77465 ,  85.9826  ,
       102.57739 ,  83.1821  ,  86.50042 ,  88.368454,  86.60167 ,
        74.96148 ,  90.93874 ,  80.265   ,  73.15932 ,  91.63426 ,
        93.32836 ,  95.761955,  78.2852  , 116.61952 , 110.15317 ,
       111.13509 ,  83.41237 ,  92.61302 ,  79.58518 ,  92.42456 ,
        90.32907 ,  94.08534 ,  95.32063 ,  62.22629 ,  91.56421 ,
        83.88692 , 100.21887 , 107.42151 ,  84.65439 ,  89.01823 ,
        78.58658 ,  85.95886 , 106.99469 ,  90.49864 ,  82.923096,
        87.15224 , 105.885315,  68.82179 ,  97.705734, 107.6907  ,
        85.45567 ,  87.6828  ,  85.55998 ,  72.0723  , 103.392624,
        93.81374 ,  73.20274 ,  86.83301 ,  99.00539 ,  84.78381 ,
        87.25029 , 102.92154 ,  69.535614, 117.81179 ,  89.77226 ,
        93.63217 , 101.946045,  92.810455, 103.74321 ,  83.16111 ,
        90.92667 ,  87.46803 ,  96.686356, 108.87689 , 102.817184,
       103.42099 ,  92.44258 , 117.94832 ,  95.84468 ,  94.9332  ,
        84.15381 ,  92.41658 ,  97.317955,  87.68555 ,  85.9872  ,
       111.22328 ,  81.63985 ,  78.611664, 112.34569 ,  82.34724 ,
       102.56505 , 102.61784 ,  76.895355,  81.98004 ,  82.52501 ,
        75.538284,  79.67537 ,  95.070755,  82.04683 ,  78.254745,
        88.04824 ,  88.94931 ,  90.00796 ,  91.99014 , 107.212616,
        84.74515 ,  92.87797 ,  89.36843 , 115.49527 ,  76.59891 ,
        94.97257 , 102.10283 ,  73.1296  ,  88.8039  ,  76.89578 ,
        79.28485 ,  84.09854 ,  82.01137 ,  98.799774,  75.50557 ,
        79.39729 ,  70.142365,  87.47821 ,  99.898926,  85.30649 ,
       107.54173 , 110.56647 ,  77.3095  ,  86.46269 ,  85.544556,
       102.65033 ,  92.23474 ,  75.24797 ,  87.78226 ,  87.58479 ,
        73.002655, 101.0804  ,  87.31409 ,  77.353836,  88.20883 ,
        96.73546 ,  88.39036 ,  69.58803 ,  92.14085 ,  88.947266,
        82.9064  ,  89.46359 ,  72.36568 ,  86.40973 ,  84.47577 ,
        89.297745,  77.07977 ,  93.563385,  82.903625,  81.196205,
        91.86883 ,  90.261185, 110.73563 ,  74.12316 ,  91.25075 ,
        82.29491 ,  97.57091 , 111.21064 ,  94.52963 ,  91.91633 ,
        80.81958 ,  74.17136 ,  86.32385 ,  79.07193 ,  83.65274 ,
        90.563126,  90.60018 ,  87.00413 ,  86.97908 , 102.783875,
        92.966736,  96.66293 ,  72.74716 ,  84.77823 ,  98.662476,
        95.92055 , 115.09833 ,  93.34797 ,  81.74787 ,  88.32654 ,
        92.77491 ,  97.1277  ,  73.59337 ,  81.04746 , 105.633675,
        86.32867 ,  93.79818 , 100.75476 ,  94.3589  ,  84.37381 ,
        79.55427 , 103.36093 ,  86.15102 , 106.22121 ,  78.36865 ,
        64.53271 , 103.3096  ,  99.497894,  84.63307 ,  94.373   ,
        86.60628 ,  73.63463 , 103.55193 ,  91.36334 ,  97.90146 ,
        72.45332 ,  96.68666 ,  70.57197 ,  88.98001 ,  97.46823 ],
      dtype=float32), array([ 87.30318 ,  96.74962 , 102.26384 ,  91.096466,  99.10338 ,
        83.70751 ,  94.95772 ,  96.053635,  79.237366,  71.635925,
        98.44638 ,  91.04277 , 113.20805 ,  89.01753 ,  76.35135 ,
       106.45288 ,  71.40527 ,  72.52248 ,  95.99271 , 110.08118 ,
        87.694534,  92.561104,  66.20003 ,  75.85834 ,  84.711655,
        75.06201 , 107.718864,  85.76401 ,  90.76672 , 106.917145,
        92.37344 ,  85.303734,  65.5573  ,  99.54987 ,  74.0198  ,
       101.51625 ,  77.032166,  78.41312 ,  84.38409 ,  62.91754 ,
        90.02973 ,  95.754135,  92.91915 ,  87.00429 ,  87.20093 ,
        89.14648 , 105.60132 ,  85.91321 ,  78.23091 ,   0.      ,
        68.494934,  95.8074  ,  98.243225,  83.31311 ,  95.34604 ,
        85.47808 ,  93.369095,  79.58821 ,  67.902374,  76.30351 ,
        88.10182 ,  82.860596,  98.52878 ,  94.46731 ,  89.144806,
       106.88739 , 114.714226,  95.8663  ,  83.004974,  84.060036,
       110.277725, 107.15429 ,  98.80893 , 104.03991 ,  94.4872  ,
        57.10813 ,  89.15709 , 104.46125 , 114.92851 ,  76.75888 ,
       101.70749 ,  97.86397 , 100.28726 ,  96.267975,  79.40762 ,
       110.60573 ,  78.313934,  88.67709 ,  97.8451  ,  95.463165,
        88.891365, 114.4836  ,  93.45238 , 102.91772 , 112.281006,
        90.56148 , 101.60319 ,  84.86812 ,  86.99045 ,  88.48289 ,
        66.01176 , 108.87947 ,  87.55812 ,  77.340416,  91.69253 ,
        92.14027 ,  83.63686 ,  89.34161 , 101.33621 ,  68.88942 ,
       100.68418 ,  70.151955,  91.88507 ,  79.61341 ,  71.15609 ,
        79.46718 ,  93.227554, 102.11335 ,  78.67441 ,  68.18088 ,
        86.87811 , 107.19212 ,  82.48601 ,  83.959305,  84.38144 ,
       102.97683 , 107.18345 , 100.74979 ,  86.157364,  90.92111 ,
        83.66925 ,  78.63556 , 122.1221  ,  98.450165,  92.220825,
        92.70363 ,  69.25183 ,  74.18202 ,  76.45581 , 120.65879 ,
        89.00681 ,  99.46835 ,  91.79901 ,  92.3392  ,  82.52504 ,
        95.67317 ,  97.029175,  79.16345 , 109.56466 ,  88.9514  ,
        78.79414 ,  78.76064 ,  83.59584 ,  50.861412,  98.139   ,
        98.58201 ,  89.58156 ,  67.469284,  89.97124 ,  50.861412,
        92.04596 , 108.268234,  96.51727 ,  81.50993 ,  80.63124 ,
        80.22983 , 104.46597 ,  87.62111 ,  70.88367 ,  88.3573  ,
       104.3967  ,  70.047424,  91.57522 ,  78.98231 ,  96.495834,
       108.245636,  94.97749 ,  77.77217 ,  75.293945,  97.0412  ,
        95.47575 ,  90.37315 , 106.48121 ,  91.61995 ,  99.13852 ,
        93.19412 ,  79.55953 ,  90.46679 , 104.510765, 108.6839  ,
        73.6068  ,  81.81238 , 103.5107  ,  93.989944,  86.72832 ,
        72.83864 ,  96.96025 ,  93.63063 ,  88.64748 ,  96.51043 ,
        93.403015,  90.448364,  98.662445,  88.83406 ,  98.74359 ,
       104.802155,  90.298744,  90.79762 ,  95.50514 ,  79.22159 ,
       117.33689 , 103.96727 ,  86.32233 , 104.96709 ,  80.93355 ,
        99.753815, 108.432465,  98.15999 ,  95.72992 ,  95.16882 ,
        91.588394,  86.59016 , 102.63812 , 113.714935,  72.59276 ,
        78.11579 ,  93.34624 , 112.79301 , 115.83838 ,  76.50035 ,
       109.65093 ,  91.636475,  79.69377 ,  66.73883 ,  84.8017  ,
       108.13716 ,  74.17523 ,  84.33377 ,  89.369354,  87.98831 ,
        80.95361 ,  99.49188 ,  95.32545 ,  82.53027 , 106.43701 ,
        91.59588 , 108.33226 ,  91.312485,  87.742325,  87.12982 ],
      dtype=float32), array([ 80.37306 ,  65.776474, 120.19196 ,  66.85867 ,  75.636505,
        91.41539 , 114.02864 ,  79.88616 ,  78.64434 ,  56.055458,
        77.54077 ,  94.23097 , 104.21268 ,  94.88498 , 101.53766 ,
       102.35174 ,  90.71529 ,  73.88942 , 101.90633 ,  87.74532 ,
        80.213425,  87.125984, 103.22124 ,  70.573685,  69.88519 ,
        86.91684 ,  74.016495,  91.429565,  80.107185,  78.365166,
       115.71662 , 111.18047 ,  94.61092 , 104.21268 ,  98.02147 ,
        76.26895 , 103.34126 ,  82.60728 ,  79.5296  ,  98.017105,
       103.16231 ,  77.79206 ,  75.048294,  94.94654 ,  88.66623 ,
        90.463196, 116.25783 , 106.87648 ,  86.59245 ,  86.76524 ,
        98.67466 , 102.20906 ,  74.01325 ,  78.995255,  89.61834 ,
        95.379776,  97.30603 ,  81.23968 ,  98.880035, 111.05095 ,
       108.87904 ,  86.8029  ,  85.16393 ,  85.26326 ,  83.56691 ,
       102.70012 ,  81.39667 ,  78.5199  ,  94.153   ,  84.22406 ,
        96.37764 ,  97.89647 ,  95.71556 ,  96.60715 ,  99.81883 ,
        96.99134 , 137.4961  ,  90.90396 ,  96.10989 ,  86.94548 ,
        75.19287 ,  87.113106,  72.87021 ,  94.96579 ,  89.488556,
        78.31341 , 100.02167 ,  80.2682  ,  75.57225 ,  83.758606,
        72.38124 , 109.22197 ,  86.59451 ,  80.06711 ,  77.919   ,
        83.59543 ,  89.44852 ,  77.29697 ,  88.13045 ,  86.61072 ,
       101.329636, 103.3368  ,  95.28944 , 109.48445 , 110.17669 ,
        83.267914,  90.4672  ,  91.182434,  77.88403 ,  86.02455 ,
       100.417694,  88.41217 ,  78.5518  ,  63.619415,  69.195816,
       109.12068 ,  98.21922 ,  95.96893 ,  92.93444 , 105.79231 ,
        92.24025 ,  97.05597 , 105.10788 ,  81.32762 ,  85.63765 ,
        97.48103 ,  81.189926, 111.08719 ,  75.66008 ,  98.479996,
       105.62201 ,  82.12644 ,  85.376816,  72.05209 ,  92.157394,
        86.56914 , 101.56141 ,  89.43342 ,  86.171974,  81.662415,
        87.683556,  87.58591 ,  80.97647 ,  96.38963 ,  87.65585 ,
        83.00058 , 111.86162 ,  65.26964 ,  81.01375 ,  51.386948,
       107.22193 ,  95.89489 ,  96.80385 ,  92.15166 ,  82.10966 ,
        71.49351 ,  92.820465, 106.44722 ,  88.86957 ,  89.488235,
        77.49217 ,  87.50807 ,  96.62919 , 108.87551 ,  80.76929 ,
       102.6301  ,  83.16074 ,  99.448654,  91.4722  ,  92.9644  ,
        89.016205,  93.548836, 108.99693 ,  88.41411 ,  94.096405,
        97.55385 ,  86.0034  ,  77.22977 ,  86.91545 , 108.29581 ,
        73.85051 , 109.584984,  94.76819 ,  70.57945 ,  79.52687 ,
        83.41502 , 107.07204 ,  81.28668 ,  96.43768 ,  75.21157 ,
        81.27353 ,  82.65816 ,  70.88216 , 122.06691 , 112.326195,
       105.88864 ,  79.742035, 116.08275 , 106.9871  ,  96.619804,
        94.297874,  88.405785,  88.2096  ,  86.61956 , 100.16841 ,
        83.0573  ,  83.44417 ,  79.97098 ,  96.30407 ,  98.58453 ,
        77.671555,  94.11391 ,  69.369675,  67.676315,  92.32095 ,
        81.892746,  87.19574 ,  98.69406 ,  93.65421 , 105.08731 ,
       102.56494 , 100.33368 , 107.945496,  96.00044 ,  96.489235,
        92.46268 ,  70.316086,  87.99942 , 102.37129 ,  90.24938 ,
        88.00081 , 107.54173 ,  91.00646 ,  89.40259 ,  82.09046 ,
        91.42166 ,  70.32483 ,  97.24076 ,  89.19565 , 104.94884 ,
        94.123474,  74.78764 , 107.1543  ,  97.27158 ,  79.42015 ,
        96.97265 ,  93.146645, 110.95293 , 103.817406,  93.6949  ],
      dtype=float32)]
[array([ 97.15531 , 109.18541 ,  86.56801 ,  89.29935 ,  91.48273 ,
        80.7962  , 105.86734 ,  74.07338 , 100.635345,  81.12775 ,
        97.979385,  88.05378 ,  98.396614,  94.322174,  96.87027 ,
        94.46177 ,  87.88012 ,  87.29676 ,  83.14376 ,  87.64928 ,
        92.15468 , 102.82584 ,  78.88172 ,  84.3124  ,  93.163704,
        81.702644,  90.3154  , 117.53369 ,  82.79631 ,  77.25798 ,
        93.96445 ,  88.142784,  81.771484,  96.302704,  83.3237  ,
        99.13452 ,  81.594864, 101.08835 ,  88.579666, 107.68808 ,
        90.89287 ,  82.43175 ,  81.092224,  74.31291 ,  94.76431 ,
        96.97334 ,  76.521835, 106.27921 ,  92.045074, 103.547554,
        80.47485 ,  83.455864,  79.592316,  87.72091 ,  80.5979  ,
        80.692566,  90.699585,  95.82082 ,  90.486465, 107.47261 ,
       107.44849 ,  94.88544 ,  84.54332 ,  87.16454 , 109.24927 ,
        89.0637  ,  88.135086,  95.83285 ,  84.3694  ,  87.46419 ,
        97.71176 , 102.048416, 108.35715 ,  82.427505,  84.78006 ,
        96.95729 ,  94.429535,  97.97411 ,  83.511566, 123.14204 ,
       101.421906,  95.868164,  92.60089 ,  93.5931  , 109.009445,
        79.734604,  88.09885 ,  94.97458 ,  90.872314,  92.39603 ,
        82.15171 ,  93.78291 ,  75.489365,  88.26796 , 107.97687 ,
       101.735794,  86.005394,  78.0467  , 109.50723 , 102.17098 ,
        74.36462 , 122.73462 ,  90.879875,  83.09657 ,  89.96777 ,
        94.76088 ,  83.03615 ,  95.48865 ,  93.30649 ,  78.8412  ,
        88.52218 ,  84.22581 , 109.41295 , 104.006775, 126.348724,
        93.15213 ,  96.076935,  84.22494 ,  85.65258 ,  86.53598 ,
        80.366425,  90.19165 ,  77.513   ,  73.5959  ,  77.61298 ,
        91.951004,  60.667603, 106.39396 ,  79.022415,  70.87495 ,
        74.44963 , 104.23656 ,  88.44425 ,  92.83328 ,  70.346535,
       104.378876,  85.5853  ,  91.097916,  97.89385 ,  84.3302  ,
       102.776535, 116.20146 ,  89.80516 ,  89.81952 ,  96.93892 ,
        88.77829 ,  98.56115 ,  81.761505,  83.520676, 118.49457 ,
        99.75579 , 112.71942 ,  97.55806 , 112.404175,  79.72364 ,
        88.954254,  81.47122 , 103.753235,  76.78699 ,  77.94933 ,
        83.44804 ,  80.33629 ,  79.75202 ,  81.96835 , 112.78548 ,
        83.5331  ,  92.12388 ,  81.15083 ,  98.881584,  81.09306 ,
        78.68281 , 110.216705,  87.75363 ,  90.615814,  95.364586,
        93.07657 , 105.90579 ,  74.284775,  75.13597 ,  83.991394,
       101.45978 , 108.019714,  84.958664,  91.05025 ,  80.66661 ,
       100.68418 ,  95.98486 ,  76.84068 ,  94.32027 ,  88.756805,
       102.04408 ,  77.14385 ,  77.572426,  99.34888 ,  89.65758 ,
        96.02663 ,  77.566635,  81.678925,  86.144905, 100.79611 ,
        90.51068 ,  81.61294 , 105.18797 , 115.56908 , 116.07536 ,
        77.55368 ,  76.64377 ,  94.73234 ,  88.454346,  82.80708 ,
       112.14424 ,  84.07382 , 118.76398 ,  94.616135,  69.77601 ,
        90.60794 , 104.1033  ,  75.95397 ,  89.8287  ,  86.801605,
        91.762955,  88.07354 ,  88.306725,  68.22368 ,  77.69784 ,
        88.16629 ,  82.424904,  96.05395 , 100.82374 ,  94.285255,
        63.17122 ,  83.88768 ,  95.626175,  82.64522 ,  91.81914 ,
        95.90875 ,  90.76756 ,  66.28012 ,  90.97281 ,  83.595184,
        85.62691 ,  93.03912 ,  93.10206 ,  97.7552  ,  97.55633 ,
        76.42257 ,  87.355835,  98.64543 , 109.9215  ,  84.34166 ],
      dtype=float32), array([ 98.6445  ,  73.08394 ,  91.4112  ,  81.25328 ,  78.51224 ,
        99.54876 , 110.13191 , 112.7737  ,  80.248886,  69.13041 ,
        91.7809  ,  97.96771 ,  77.97835 ,  79.841675, 112.62448 ,
       106.27639 ,  98.30745 ,  92.58256 ,  89.30875 ,  85.79784 ,
        97.86224 ,  84.540085, 102.36073 ,  85.22438 ,  92.97935 ,
       103.98722 ,  86.75561 , 100.563614,  77.04097 ,  85.01253 ,
       101.04781 ,  86.26441 , 103.89819 ,  97.82664 , 103.89974 ,
        85.72142 ,  74.53427 ,  83.976425,  88.07355 ,  87.86708 ,
       102.72096 ,  94.28738 ,  98.08387 ,  80.25439 ,  92.4814  ,
        75.33878 , 105.99783 , 104.19576 ,  84.56172 ,  77.78511 ,
        96.95792 , 102.06259 , 112.2875  ,  77.46254 , 102.83195 ,
        97.45795 ,  82.36301 ,  79.121735,  77.88833 , 111.57385 ,
        97.16733 ,  88.64331 , 101.259094,  78.09164 , 100.500275,
        89.98682 , 106.14743 , 101.07428 ,  91.04065 ,  94.625854,
        79.857605,  99.04309 , 113.86895 ,  87.683   , 109.83914 ,
        96.52613 ,  79.988434,  68.40434 ,  79.30136 ,  87.35772 ,
        99.12558 ,  77.91    ,  84.56009 , 100.755905, 102.43216 ,
       113.79195 ,  86.90567 , 103.32542 ,  85.48755 , 112.679825,
        88.54202 , 107.390816,  97.099556,  94.19845 , 101.252075,
        93.325676,  89.24376 ,  96.13576 ,  82.44796 , 107.264854,
        90.11856 ,  80.3932  ,  90.178856,  90.48613 , 121.16728 ,
        93.34009 ,  72.28653 ,  89.88182 ,  91.30546 ,  62.49695 ,
        78.27119 ,  73.122604,  89.559166,  85.17908 ,  83.16699 ,
       115.13832 ,  86.172966,  79.55668 ,  90.55888 ,  98.057915,
        92.67776 , 103.02053 , 105.803604,  88.133026,  90.76758 ,
        86.78998 ,  95.76231 , 104.509026,  88.32273 , 100.86784 ,
        97.14198 ,  83.71005 ,  70.75643 ,  92.5574  ,  99.88944 ,
        91.15524 ,  66.19404 ,  96.0556  , 102.53803 ,  91.372574,
        88.654625,  88.66681 ,  77.07963 , 108.59323 ,  84.911064,
        98.70179 ,  75.08299 ,  82.690834, 116.80975 ,  85.857254,
        94.39988 , 112.927216, 101.80287 ,  78.357574,  95.95546 ,
        82.29831 ,  76.09807 ,  97.88922 ,  86.23903 ,  81.44342 ,
       116.533844,  77.17642 ,  79.68085 ,  84.6526  ,  90.30316 ,
        91.53081 , 102.768135, 106.36767 ,  77.47209 ,  91.29042 ,
        84.08696 ,  88.17279 ,  93.66905 ,  81.379944,  83.405136,
        93.40593 ,  90.963425, 108.73436 ,  88.94388 ,  93.27838 ,
        96.07855 ,  71.33794 ,  85.51099 ,  91.62736 ,  81.05194 ,
        83.837494, 104.32553 ,  86.96672 ,  84.94595 ,  92.42081 ,
        79.82048 ,  99.807755,  88.29418 ,  88.8788  ,  88.97198 ,
        91.55527 ,  75.58188 ,  79.65805 , 115.01217 ,  79.75983 ,
        94.43329 ,  87.84527 ,  92.92234 ,  88.56435 ,  87.220245,
        90.856064,  69.042366,  73.22739 ,  96.56716 , 104.26255 ,
        89.86966 , 120.913956, 114.21045 , 100.475235,  80.6691  ,
        71.631096,  83.29074 , 106.09381 , 106.249374,  99.50532 ,
       101.39067 ,  74.375   ,  84.717415,  88.84586 ,  84.78399 ,
        99.698105,  80.00974 ,  73.51561 ,  90.15909 ,  93.16017 ,
        98.566055,  91.50516 ,  74.02281 ,  86.598885,  82.35428 ,
        93.16369 , 108.27582 ,  92.798584,  85.25863 ,  87.19921 ,
        90.23906 ,  87.63074 ,  86.55034 ,  99.00105 ,  85.614975,
        88.19666 ,  77.57231 ,  94.40245 ,  90.89075 ,  89.69154 ],
      dtype=float32), array([ 75.76455 ,  86.6729  , 100.66028 ,  74.883194,  98.28313 ,
        87.7852  ,  95.55664 , 115.20877 ,  94.10541 ,  79.883835,
        93.63685 , 108.02731 ,  84.809616,  79.36515 ,  71.158264,
       111.66936 ,  84.50597 ,  61.58926 ,  80.51602 , 100.27057 ,
        79.02292 ,  76.05704 ,  78.60097 ,  87.9741  , 101.78894 ,
       100.12687 , 118.00241 ,  79.579346,  96.69684 ,  84.34308 ,
        74.54014 , 102.90251 ,  96.706314,  98.30385 ,  98.7101  ,
       106.84328 ,  85.227974,  91.368324, 114.914635,  76.908936,
        88.29419 ,  74.98018 ,  90.26294 ,  83.25322 ,  74.16716 ,
        83.133484,  95.79625 ,  95.30324 ,  97.744446, 107.269684,
       109.21084 ,  75.84578 ,  85.79782 , 103.0632  , 122.22783 ,
        76.99777 ,  97.22554 ,  92.81042 ,  85.81868 , 100.80092 ,
        91.86805 ,  75.41109 ,  76.9192  ,  84.95299 ,  92.39859 ,
        97.455956,  71.5123  ,  75.880424, 107.516266,  84.14006 ,
       103.98549 ,  91.54171 ,  84.09699 ,  73.24918 , 103.808655,
        97.770676,  99.49193 ,  97.276245,  70.870575,  96.65312 ,
        89.78378 ,  88.303604,  76.6532  ,  70.84032 ,  84.18701 ,
        83.54489 , 116.56731 ,  95.959656,  79.97867 ,  79.05119 ,
        98.04089 ,  86.26382 ,  78.04042 , 103.0999  ,  85.970276,
        93.978294,  89.60907 ,  94.804344,  94.88135 ,  82.43747 ,
        79.035835,  90.67765 , 100.13014 ,  89.83646 , 101.66497 ,
        68.22408 ,  93.02527 ,  95.29884 , 111.418526, 104.73692 ,
       118.62212 ,  83.41613 ,  81.17229 , 111.57646 ,  76.98259 ,
       119.63613 ,  83.02811 ,  88.813774, 110.638626,  71.10158 ,
        88.00296 ,  95.32529 , 106.71776 , 101.27135 ,  88.56026 ,
        79.51273 ,  90.23677 ,  86.88124 ,  83.335464,  79.99217 ,
        95.16608 ,  73.67258 , 108.509155,  85.78032 ,  82.5149  ,
        92.21101 ,  87.01456 , 106.26302 ,  72.17163 ,  92.000946,
        76.45711 ,  83.35506 ,  95.48876 ,  81.966995,  78.47915 ,
        79.918   ,  73.630295,  77.65973 ,  76.621826,  84.42799 ,
       101.28125 ,  84.58255 , 112.064545,  80.174995,  90.910385,
       121.46837 ,  88.40831 ,  94.865524,  71.67844 ,  86.90642 ,
        92.497406,  95.866   ,  78.730255,  85.25443 ,  64.0907  ,
        84.324905,  87.57352 ,  89.91034 ,  98.65082 ,  92.20261 ,
        77.364685,  99.99001 ,  78.781   , 100.39889 ,  96.83079 ,
       102.20148 ,  97.3634  ,  96.17379 ,  65.47812 ,  96.785614,
       102.624275,  80.10151 ,  72.196556,  94.03845 ,  75.4265  ,
        91.64634 ,  96.55408 ,  93.84543 ,  77.981445,  91.335175,
        91.47891 ,  89.38678 ,  92.46895 ,  85.04584 ,  83.78706 ,
        96.43155 ,  79.9541  , 105.661835,  68.951065, 101.86338 ,
       101.43564 ,  98.7927  ,  82.053444,  87.90696 ,  78.48159 ,
       103.387924,  88.671295,  89.73912 ,  77.62236 ,  97.07236 ,
        90.329315, 110.56282 ,  82.59216 ,  90.27331 ,  72.73694 ,
       109.04324 , 102.020035,  86.727356,  91.51988 ,  83.024704,
       105.68059 , 100.4919  , 103.78338 , 106.85974 ,  90.59257 ,
        87.22376 , 107.41536 , 122.13617 ,  87.03996 ,  85.78897 ,
        99.68956 ,  95.7435  ,  94.04828 ,  86.36009 ,  81.73343 ,
       105.59538 , 103.17622 , 106.762115,  99.30643 ,  85.775665,
        95.88905 ,  77.46895 , 101.925735,  92.23695 , 103.492615,
       110.8409  ,  90.09463 ,  80.4709  ,  93.672386,  90.66516 ],
      dtype=float32), array([ 69.35006 ,  88.788666, 105.76036 ,  80.04399 , 105.31877 ,
        75.92877 ,  86.34874 ,  82.48639 ,  90.75018 ,  73.72041 ,
        77.94093 ,  98.02743 ,  86.863266, 100.22019 , 104.77252 ,
        86.63777 , 103.38638 ,  76.471115,  90.30759 , 102.47873 ,
        85.903046,  84.03438 ,  78.30359 ,  95.15158 , 102.09543 ,
        80.460526,  86.583786,  91.212845,  66.5289  ,  96.49827 ,
        91.59134 ,  94.03809 ,  82.83991 ,  92.76051 , 112.43933 ,
        90.11853 ,  79.74877 ,  77.624535, 121.425964, 100.61258 ,
        87.36785 ,  62.484024,  74.23752 ,  86.52461 ,  98.83913 ,
       117.97893 ,  95.50578 ,  74.85807 ,  95.37467 ,  90.823326,
        85.788864, 104.50197 , 133.71835 ,  79.15047 , 107.18335 ,
        76.44449 ,  82.62497 ,  88.11331 , 102.84282 ,  79.64748 ,
       100.50998 ,  78.276436, 120.510635,  95.737045,  90.89926 ,
        85.43275 ,  92.620514,  73.48066 ,  85.366196,  97.63432 ,
        94.93274 ,  92.93622 ,  93.38692 ,  84.41179 , 101.14768 ,
        81.319756,  82.31732 ,  85.469284,  96.782234,  72.41815 ,
       109.861664,  78.18153 ,  81.03166 ,  78.314644, 103.224655,
        95.79202 ,  92.998474,  90.60327 ,  86.22644 , 112.41272 ,
        77.54013 ,  92.58505 ,  76.34197 , 103.84273 ,  78.82498 ,
        90.27771 ,  83.44142 ,  96.59706 ,  95.68451 ,  76.44839 ,
        96.70776 ,  97.115295,  97.7726  ,  92.49879 ,  91.29899 ,
        93.01989 ,  91.90442 ,  90.87055 , 116.75306 , 106.800064,
        88.72699 ,  97.635056, 118.61269 ,  77.37906 ,  69.24637 ,
        91.97577 ,  67.020805,  97.604065,  87.51975 ,  99.612595,
       101.95126 ,  93.74527 ,  95.70307 , 102.88895 ,  83.42247 ,
        89.596115,  70.37129 ,  76.45116 ,  90.54898 , 101.39725 ,
       103.93416 ,  86.85467 ,  76.7409  ,  85.16    , 102.3516  ,
        60.334583,  98.24068 , 110.313416,  76.42471 ,  82.78205 ,
        81.96679 ,  82.63776 ,  80.59393 ,  74.331726,  84.91354 ,
        83.756966,  88.96864 ,  86.91768 ,  89.46711 ,  98.364746,
        86.06868 ,  95.64368 ,  95.8343  ,  97.970795,  77.73422 ,
        63.721645,  75.61906 ,  83.35306 ,  86.77232 , 103.37836 ,
        95.06568 ,  99.55974 ,  98.66603 ,  90.81732 ,  86.29628 ,
       105.44395 ,  82.24429 ,  87.61589 ,  91.16872 ,  59.58491 ,
       103.24501 , 102.5074  ,  98.152596,  96.99646 ,  83.44795 ,
        79.11795 ,  85.88098 ,  80.11978 ,  97.243546,  91.97632 ,
        95.70728 ,  99.597786,  84.41325 , 101.608505,  82.37648 ,
        85.41861 ,  84.12128 ,  92.2551  ,  77.14429 ,  81.10177 ,
        93.8884  ,  98.32846 , 115.40646 ,  69.656815, 121.49421 ,
        94.50369 , 103.82457 ,  80.41079 ,  77.81545 ,  70.44745 ,
        88.82641 ,  78.62059 ,  98.22661 , 109.98768 ,  85.50659 ,
        98.10732 ,  78.95861 ,  78.47482 ,  91.09728 ,  90.6651  ,
        86.98175 ,  87.94809 ,  94.71922 ,  82.868256, 100.97982 ,
        78.88696 ,  75.20294 ,  86.75331 , 101.38971 ,  89.33098 ,
        85.28473 ,  81.18962 ,  79.84982 , 101.04433 , 118.23623 ,
        70.01361 , 106.87627 ,  95.63821 ,  82.05998 ,  77.03171 ,
        98.058685,  86.48476 ,  96.987625,  84.39527 ,  97.219925,
        99.160904, 116.87556 ,  72.36331 ,  81.38451 ,  84.871765,
       107.57717 ,  95.70307 ,  89.802505,  78.10851 ,  84.05463 ,
       104.9917  ,  80.561325, 101.007164,  67.48464 ,  89.20836 ],
      dtype=float32), array([ 82.4297  ,  84.543396, 106.02153 ,  96.634575,  91.58713 ,
        86.955536,  90.72783 ,  88.20441 , 102.76922 , 108.836105,
        82.97515 ,  47.756813, 100.822205,  84.32103 ,  95.44062 ,
        88.7784  ,  79.53912 ,  89.88093 ,  92.1315  ,  99.73692 ,
        84.82597 ,  87.52392 ,  73.33324 ,  82.9076  ,  93.03473 ,
       113.64006 ,  89.6517  ,  86.55619 , 120.05452 ,  91.013626,
        86.13027 ,  91.04393 ,  86.26376 ,  99.496796,  83.2494  ,
        83.024666,  94.39395 ,  99.22984 , 106.29907 ,  70.93187 ,
        89.475525,  91.93767 ,  77.544945,  90.478775,  81.72468 ,
        91.77576 ,  80.49338 ,  85.28405 ,  81.708466,  86.296394,
        90.64958 , 111.02467 ,  87.68226 ,  72.26985 ,  71.07158 ,
       105.19021 ,  76.70342 ,  78.8412  ,  91.43497 ,  80.753815,
        77.731   ,  77.55649 ,  88.41022 ,  95.85329 ,  86.17858 ,
        78.70262 ,  78.7045  ,  91.99542 ,  92.497925, 106.96984 ,
        83.54401 ,  97.22421 ,  84.2592  ,  83.70233 , 102.68346 ,
        77.61569 ,  77.44876 ,  96.18171 ,  98.14832 ,  91.864426,
        86.388664,  95.84923 , 105.47812 ,  73.62451 ,  57.933872,
       129.90137 ,  88.38805 ,  81.74466 ,  96.60683 ,  70.98233 ,
        75.93728 ,  86.936935,  81.1956  ,  76.69551 , 121.52785 ,
        59.906303,  97.74269 ,  90.27458 , 131.71536 ,  95.455   ,
        95.398285,  91.653915,  85.299904,  89.756256, 102.79715 ,
        67.63265 , 108.58787 ,  91.626144,  87.08467 , 122.75201 ,
        70.99303 ,  95.49227 , 104.34272 ,  84.28444 ,  71.4572  ,
        96.73186 ,  94.51431 , 102.32843 ,  97.45924 ,  80.93005 ,
        84.7685  ,  79.83808 ,  83.86374 , 117.22037 , 102.78239 ,
        83.27771 , 115.92573 ,  73.77796 ,  91.277664,  99.23853 ,
       104.29907 ,  94.47395 ,  87.91986 , 107.91543 ,  90.8294  ,
        79.93565 ,  85.47685 ,  83.41293 , 114.35002 , 103.79707 ,
        89.344604, 109.10523 ,  74.06372 ,  92.63945 , 104.24072 ,
        82.203354,  69.14351 ,  85.87007 ,  78.42664 ,  96.721146,
        98.200226,  75.325195,  78.40705 ,  79.84161 , 103.87882 ,
        81.305695,  92.959595,  81.39852 ,  81.98112 ,  97.09462 ,
        82.48219 ,  88.19623 , 101.040016,  96.21012 ,  91.73827 ,
        91.40947 ,  78.80255 , 111.28816 ,  74.962265,  97.54198 ,
        85.79982 ,  91.94124 ,  86.05888 , 105.75798 ,  77.2321  ,
       103.337746,  46.09484 ,  87.87222 ,  71.76094 ,  81.80745 ,
       114.48589 ,  90.771545,  82.48654 ,  76.88799 ,  60.610493,
        89.88057 ,  85.22372 ,  96.668945,  84.81987 , 102.23171 ,
        79.60552 ,  72.14577 ,  79.69536 , 103.37018 ,  82.83986 ,
        90.35036 ,  87.701416,  90.198296,  89.53243 ,  79.4525  ,
        90.27961 ,  73.44252 ,  97.00452 ,  92.11776 ,  79.76834 ,
        99.56036 ,  73.83629 ,  65.96448 ,  92.46602 , 101.937195,
        93.49474 , 105.71329 ,  69.14351 ,  95.41176 ,  97.719765,
       106.11566 , 110.155495,  97.43378 , 108.49352 ,  98.21446 ,
        89.55214 ,  83.69258 ,  71.82968 ,  74.02626 ,  88.03354 ,
        63.146843, 100.84489 ,  93.52904 ,  78.12561 ,  90.29051 ,
        98.76241 ,  79.07435 ,  92.33566 ,  94.32681 ,  96.17374 ,
        79.52812 ,  87.90495 ,  92.00788 ,  90.67442 , 106.350746,
        90.8826  ,  66.70123 , 102.12774 ,  84.45415 ,  88.07826 ,
        80.36921 ,  95.42075 ,  98.45372 , 105.13397 ,  81.23439 ],
      dtype=float32)]
[array([ 80.26346 ,  75.71962 , 101.3479  ,  91.517075,  85.187454,
        87.014496,  97.813705,  89.47528 ,  85.37103 ,  96.82439 ,
        96.99277 , 101.69754 , 105.34768 , 101.07432 ,  93.852905,
        84.87259 , 106.07391 ,  77.081635,  70.62574 , 112.74634 ,
        82.73654 ,  95.03411 ,  80.33123 ,  80.02544 ,  99.48529 ,
        82.948   , 110.71225 ,  70.12521 ,  92.14082 ,  90.80075 ,
        84.16207 ,  99.57424 ,  98.8492  , 119.07001 ,  84.122635,
       112.158966,  95.590065,  94.84833 ,  82.519424,  81.37109 ,
        78.40459 ,  75.9247  ,  79.69792 ,  85.98697 ,  88.60075 ,
        87.26284 ,  88.77814 ,  94.28243 , 100.77556 ,  90.88377 ,
        97.363754,  77.36516 ,  88.80413 , 100.675354,  97.324066,
       107.37049 ,  92.63478 , 103.25571 ,  90.1479  ,  84.6405  ,
       125.48489 ,  84.11718 ,  98.38963 ,  81.67569 , 131.10101 ,
        74.720825, 105.15671 ,  88.46601 ,  87.832306,  83.343475,
       106.0091  , 107.609924,  75.32312 ,  78.276886, 107.02971 ,
        93.972725,  90.70392 ,  67.21788 , 107.54231 ,  68.81506 ,
        69.74288 , 100.859566,  85.75061 ,  78.99731 ,  94.32309 ,
       105.9509  , 108.137276, 105.870804,  84.505325,  99.71113 ,
       116.656906, 111.06096 ,  97.360466,  79.26715 , 104.738945,
       114.58079 ,  63.54892 ,  96.52973 ,  88.03975 , 101.36569 ,
        94.69506 ,  86.86442 ,  59.440075, 117.674164, 102.72164 ,
        93.17142 ,  85.15486 ,  82.755005,  79.55179 ,  88.62268 ,
        96.52488 ,  93.96186 ,  97.54988 ,  81.870605, 103.62133 ,
       102.59264 , 118.53029 , 102.33386 ,  89.44892 ,  90.50023 ,
        76.280945,  83.06526 , 101.58919 ,  81.81561 ,  85.6773  ,
        86.981674, 108.076996,  91.862595, 107.2819  , 110.657776,
        83.54323 ,  87.19606 ,  75.321434,  95.07491 ,  84.41397 ,
        85.36948 ,  99.650604,  90.48982 ,  92.19032 ,  89.01572 ,
        78.318954, 106.8242  ,  87.727554,  86.08938 ,  97.337845,
        98.45737 ,  89.795044,  90.40787 ,  92.32901 ,  80.77513 ,
        87.64586 ,  94.94137 ,  87.22079 ,  87.577774,  93.499725,
        92.31933 , 122.97276 , 103.54269 , 103.08703 , 108.71315 ,
        96.054695, 101.47862 ,  81.99396 , 104.40878 , 103.04279 ,
        89.334305, 105.52367 ,  97.66496 ,  77.63996 ,  71.15927 ,
        98.63367 ,  87.22322 ,  91.19529 , 108.81669 , 108.600075,
        83.60908 ,  80.61702 ,  86.50055 , 114.98698 ,  72.521286,
        84.2209  ,  94.28644 ,  98.62837 ,  81.13669 ,  64.446365,
        91.21881 ,  90.690384,  87.106064,  92.74614 ,  79.01172 ,
        98.80846 , 103.2762  ,  98.55295 ,  92.229195,  81.07696 ,
        79.59477 , 110.22409 , 106.35897 ,  86.04486 ,  90.139786,
       106.46352 , 106.41252 ,  75.56743 ,  89.18563 ,  87.96446 ,
       114.74565 ,  91.000755,  85.71297 ,  92.49816 ,  91.280624,
        99.888565,  99.25142 , 112.56322 ,  80.175385, 107.61148 ,
       119.996994, 114.38989 , 108.314926,  77.74288 ,  74.22882 ,
        84.33011 ,  87.5945  ,  93.67137 , 105.95558 ,  96.16646 ,
        87.16753 ,  79.78368 ,  98.30139 ,  95.813385,  87.06363 ,
        85.47362 ,  80.59087 ,  95.59396 ,  78.932175,  82.56281 ,
        79.737045,  93.499725,  83.55176 ,  95.36183 ,  87.863205,
       101.087616,  90.09393 ,  69.484985,  86.031166,  94.618515,
        98.0354  ,  50.590546,  83.85272 ,  86.70011 ,  82.10222 ],
      dtype=float32), array([109.7775  ,  84.36458 ,  64.51088 , 100.44281 ,  87.73361 ,
        83.26784 ,  88.30365 , 112.89201 , 106.53291 ,  95.81357 ,
        97.27782 , 100.05703 ,  81.14233 ,  85.42114 ,  78.76607 ,
       104.48379 ,  79.980736,  91.97533 , 103.81862 ,  72.49287 ,
       104.232925,  96.728485,  91.39499 ,  91.69155 , 101.77713 ,
       110.24902 ,  80.78872 ,  91.28746 ,  80.653946,  75.35946 ,
        93.44568 ,  82.563   ,  85.969055, 104.08926 ,  78.86832 ,
        80.02544 ,  88.27096 ,  85.33331 ,  96.32524 ,  92.99428 ,
        95.13665 ,  85.05002 ,  89.99866 ,  91.25163 ,  76.36701 ,
        93.18995 , 100.49481 ,  89.49292 , 108.95419 ,  98.05708 ,
        85.015396,  71.1814  , 106.68853 ,  84.09003 , 109.83398 ,
        67.06964 ,  78.074905,  79.756805, 126.207596,  82.49183 ,
        84.48628 , 109.07244 ,  94.79751 ,  90.805115, 100.008865,
        94.78683 ,  92.08254 ,  92.71034 , 105.592636,  99.90337 ,
        84.24884 ,  81.83681 ,  86.2941  , 100.677185,  87.961464,
        84.32526 , 108.89676 , 116.98891 ,  77.678   ,  90.17838 ,
        89.06882 , 101.57872 ,  87.905334, 110.69843 , 107.1738  ,
        83.77365 ,  85.396225,  95.17895 ,  89.196945,  88.76302 ,
        90.43762 ,  94.71767 ,  83.61613 ,  91.94008 ,  74.60242 ,
        86.87422 , 114.928375,  98.335785, 104.28289 ,  82.78195 ,
       100.09862 ,  83.45601 , 105.19446 , 110.8504  , 102.22011 ,
        91.469345,  85.40207 ,  93.7612  ,  86.53395 ,  87.160995,
        80.51041 ,  95.61696 ,  71.27042 ,  71.823975,  80.589226,
        98.43397 ,  84.36447 , 106.84338 , 101.39472 ,  87.942406,
       106.95315 ,  95.45189 , 100.5551  ,  88.183624,  88.115524,
        73.76328 , 120.35847 ,  83.69152 ,  86.29024 ,  87.81619 ,
        90.36623 ,  78.7399  ,  93.30432 ,  81.274055,  82.88524 ,
        72.62944 ,  84.52353 ,  91.89128 ,  98.067055,  96.68854 ,
        74.03143 ,  86.25993 ,  97.984604, 106.603714,  94.55059 ,
        90.22321 , 111.65173 , 103.754265,  88.29704 ,  92.52961 ,
        89.42027 , 106.64612 ,  98.34399 , 103.389595,  81.72897 ,
       106.41713 ,  94.12503 ,  88.12921 ,  90.29531 , 101.22497 ,
       104.04436 ,  99.1129  ,  76.84387 , 103.29329 , 105.9889  ,
        51.70669 , 109.39966 ,  86.78874 ,  90.7502  ,  97.66595 ,
        80.516   ,  86.50297 , 114.0172  ,  95.581345, 104.184105,
       102.32948 , 103.73819 ,  88.5929  ,  90.56766 ,  95.50256 ,
       109.90844 ,  95.522446,  84.234634,  99.30261 ,  65.57092 ,
       110.1108  ,  71.945366, 104.172745, 126.754654,  89.37785 ,
        65.84129 ,  79.52251 ,  93.953285, 117.391426,  93.38097 ,
       109.17522 ,  80.47759 ,  97.28236 ,  87.66632 , 105.79402 ,
        92.468575,  97.84272 ,  94.874855,  85.094574, 103.357056,
        67.748375,  80.0596  ,  84.79592 ,  81.318855,  93.79408 ,
       103.68514 ,  90.167915,  87.24498 , 112.88344 , 100.7536  ,
        78.13124 ,  96.57394 ,  90.94635 ,  97.947556,  90.59985 ,
       122.858826,  88.748215,  70.7684  ,  93.32367 ,  91.18271 ,
        79.47049 ,  65.99768 ,  84.46428 ,  80.01146 ,  92.14734 ,
        90.176865,  74.61442 , 101.3439  ,  95.25798 , 109.84737 ,
        83.04339 ,  83.29617 , 101.52634 ,  94.60898 ,  82.58847 ,
        88.68238 ,  73.977905,  82.048355,  88.22095 , 108.85812 ,
        79.95688 ,  84.26808 ,  94.1223  ,  97.55199 ,  80.83737 ],
      dtype=float32), array([ 88.48378 ,  95.46352 ,  80.90799 ,  78.59647 ,  76.71471 ,
        99.22083 ,  79.612   ,  76.41347 ,  88.98207 , 106.778854,
        91.47102 ,  88.06545 ,  98.99428 ,  92.343994,  89.766846,
        89.956314,  83.95079 ,  90.82916 ,  82.30645 ,  78.03406 ,
       123.98227 ,  95.4429  ,  86.9251  ,  84.27286 , 101.864655,
        86.481186,  68.594124, 111.725174, 104.56258 ,  80.13048 ,
        83.58217 ,  94.31871 ,  85.61662 ,  78.64462 , 110.46004 ,
        92.96319 ,  83.553406,  72.01199 ,  77.32871 ,  89.39354 ,
        95.21749 ,  84.066284,  89.32852 , 103.19878 ,  80.64696 ,
        72.42325 ,  96.86305 ,  85.066895,  92.456345, 101.804825,
        77.34751 ,  93.72357 ,  94.03215 ,  78.86063 ,  90.973755,
        92.91919 ,  77.49477 , 110.7314  , 101.5271  ,  98.42789 ,
        86.65544 ,  84.503204,  95.907616,  93.414444,  72.11868 ,
        94.26924 , 109.389084,  86.03473 ,  81.325745,  90.571   ,
        89.39938 , 108.619965,  91.97924 ,  80.0804  ,  84.9479  ,
       101.769394,  67.96782 ,  78.693085,  81.405   ,  67.28253 ,
        94.220245,  90.43852 ,  86.67299 ,  85.62073 , 101.992355,
        67.26965 ,  93.166214,  90.04589 ,  71.31967 ,  88.63606 ,
        71.923065,  79.583244,  98.40494 , 111.255646, 110.421936,
        98.077614, 100.40808 , 104.05854 ,  82.479416,  99.20357 ,
        94.341446, 103.50464 , 102.280334, 102.495964,  86.19186 ,
       110.958664, 102.82547 , 106.55831 , 112.85394 , 111.526886,
        99.58809 ,  91.591125,  85.37367 ,  88.94543 ,  58.661293,
        90.8666  ,  80.720985,  98.88347 ,  83.428955,  82.87833 ,
       104.86643 ,  89.49756 ,  93.391365, 100.44769 ,  95.641716,
       104.94852 , 104.07718 , 102.574265,  85.91082 ,  51.186874,
        95.87039 ,  90.19493 , 104.07718 ,  76.83807 ,  93.04233 ,
        93.66872 ,  91.39236 , 110.575424,  74.376816,  70.87247 ,
        92.934845,  81.96682 ,  77.69998 ,  80.32752 ,  79.75682 ,
        90.66995 ,  82.854576, 103.298355,  96.90756 ,  96.10559 ,
        97.483925,  99.59735 ,  90.96739 ,  98.482155,  91.71297 ,
        95.859375,  97.70404 ,  90.146835,  78.11388 ,  82.01785 ,
        92.53261 ,  71.26921 ,  91.51028 ,  97.013985, 115.33806 ,
       101.158394,  66.84458 , 108.17442 ,  90.42224 , 102.0177  ,
        78.71852 ,  91.21226 ,  99.07535 ,  90.03603 ,  81.65976 ,
        89.10535 , 109.77844 ,  90.07137 ,  95.07788 ,  71.15936 ,
        93.33006 ,  82.325745,  97.95477 ,  86.710495,  90.49768 ,
        95.39848 ,  82.99623 ,  75.96123 ,  91.51131 ,  95.498474,
        90.83771 ,  95.66826 , 120.53191 ,  95.13562 ,  91.9391  ,
       120.401726,  64.60707 ,  98.16363 ,  91.82501 ,  88.19789 ,
        92.790794,  86.650635,  88.41437 ,  92.28134 ,  99.142   ,
        88.875   ,  79.53822 , 105.05875 ,  99.94713 ,  90.496414,
        95.36517 ,  77.81211 ,  93.930664,  82.18126 ,  86.46245 ,
        89.02426 ,  82.839554, 110.712296,  84.96166 ,  88.60272 ,
        80.384384,  91.53378 ,  79.80773 , 113.76599 ,  99.07535 ,
       115.80417 ,  84.312416,  79.64228 ,  96.01906 ,  86.79312 ,
        97.47943 ,  83.10379 ,  96.51955 ,  79.86006 ,  92.93875 ,
        88.43239 ,  69.11303 ,  87.10803 , 104.70889 ,  86.93742 ,
       102.51763 ,  75.05141 ,  79.25798 ,  96.79276 , 106.66359 ,
        78.91408 ,  77.311195,  82.702614,  96.95213 ,  92.697845],
      dtype=float32), array([ 89.51535 , 108.82495 ,  99.24573 ,  96.46901 ,  97.81258 ,
        85.465546,  88.70304 ,  84.56447 ,  83.69493 ,  93.12576 ,
        87.492294,  97.80109 ,  75.7072  ,  78.73512 ,  89.00809 ,
        87.43206 ,  70.70514 ,  82.74392 , 102.067986,  96.68849 ,
        89.54588 ,  91.04274 ,  93.65636 ,  98.31581 , 107.23212 ,
        78.19551 , 112.32954 ,  95.13743 ,  61.29058 ,  86.08936 ,
        78.24432 ,  90.59781 ,  87.95138 , 106.65662 ,  88.64371 ,
        90.86037 ,  92.23656 ,  91.21489 ,  94.75779 , 102.284   ,
        63.329353,  88.74493 , 109.36517 , 103.39209 ,  95.74084 ,
        81.97493 ,  93.36036 ,  97.33928 ,  91.474945,  98.52223 ,
        70.78664 , 103.29763 ,  84.26232 ,  93.813095,  91.765   ,
       103.27078 , 100.60946 ,  72.27645 ,  89.275986,  68.82594 ,
       101.01326 ,  85.62131 ,  72.24419 ,  98.13132 ,  95.09386 ,
        99.737656,  99.85618 ,  92.14827 ,  77.71556 ,  95.52996 ,
        97.82113 ,  95.08974 ,  83.16882 ,  93.073875,  79.0467  ,
       101.11302 ,  80.91902 ,  93.2743  ,  96.41527 , 101.42038 ,
        93.896194,  96.62492 ,  63.03481 ,  78.90326 ,  91.28061 ,
       116.955765,  87.95525 , 107.141785,  83.57561 , 103.73563 ,
        84.32749 , 123.17029 , 100.68022 ,  87.627426,  93.853836,
        88.82286 ,  85.15142 , 115.92003 ,  63.189915,  99.5351  ,
        90.66128 ,  97.07861 ,  86.42937 ,  73.770004,  92.58934 ,
        88.55727 , 100.26261 ,  74.78088 ,  83.522514,  93.868996,
        98.896194,  91.32909 , 108.01463 , 105.78688 ,  99.00158 ,
       117.88342 ,  82.713135,  79.52709 ,  81.57665 ,  87.210144,
        86.33743 ,  82.11835 , 102.546036,  77.17639 , 104.49553 ,
        92.53691 ,  81.71704 ,  83.580734,  98.66577 ,  91.34207 ,
        91.164734,  85.84995 , 101.943504,  98.20868 ,  94.3901  ,
        92.08073 ,  79.33714 , 117.846176,  92.689095,  86.43151 ,
        83.78735 ,  82.22733 , 102.61312 , 104.52565 ,  91.98252 ,
        53.15104 ,  99.03737 ,  92.729416,  77.27646 ,  79.22791 ,
        82.451675,  91.382545,  88.56374 , 102.50798 ,  77.53616 ,
       103.30304 , 101.06319 , 101.878494,  98.22649 ,  72.99471 ,
        98.03487 ,  88.71762 , 100.859985,  84.88725 , 110.24596 ,
        97.62778 ,  99.20869 ,  93.10219 ,  93.82024 , 110.03914 ,
        72.81827 ,  90.73122 ,  90.80499 ,  86.45799 ,  77.24926 ,
        88.670715,  94.65355 ,  72.219955,  77.359024,  77.67026 ,
        98.65869 ,  77.230484,  75.35968 , 103.91665 ,  83.4164  ,
        94.04394 ,  80.246994,  91.98665 , 101.76344 ,  90.722595,
       106.970825,  77.53521 ,  91.38858 ,  97.350876,  77.8408  ,
        82.30369 ,  96.40727 ,  77.64517 ,  84.17846 ,  89.871704,
       116.00123 ,  96.421005,  85.6414  ,  83.48153 ,  75.72774 ,
        93.18547 ,  80.205475,  87.50061 ,  72.184814,  82.91992 ,
        96.16807 ,  93.38009 ,  86.83506 ,  95.38159 ,  92.56346 ,
        91.68231 ,  98.39438 , 105.33203 ,  66.72107 ,  77.510666,
        92.731415,  96.15047 ,  95.07677 ,  77.94548 , 107.9208  ,
        78.10377 ,  79.425735,  92.17384 ,  82.11445 ,  86.16206 ,
        88.121216,  92.12312 ,  93.58293 , 117.46027 ,  93.3352  ,
       112.280975, 108.06164 ,  92.31708 ,  82.21945 ,  99.98149 ,
       103.90806 ,  95.262054,  93.57028 ,  76.376205,  81.16883 ,
        88.40161 ,  88.21178 , 103.37921 , 103.09502 , 120.96542 ],
      dtype=float32), array([ 95.30104 ,  83.35939 ,  95.409935, 104.73297 ,  92.44431 ,
        84.230965,  86.519325,  89.28964 ,  98.09809 ,  95.75093 ,
       102.65132 ,  85.885376,  91.79093 ,  81.81707 ,  88.01886 ,
       125.86984 ,  76.0428  ,  67.37349 , 112.74342 ,  89.0143  ,
        97.105225,  86.53659 ,  92.30557 ,  64.58598 , 104.65918 ,
        94.89909 ,  81.60914 ,  91.61398 ,  86.894295,  63.046555,
        85.91449 ,  53.556335,  83.09289 ,  92.90962 ,  89.44601 ,
        94.70315 ,  92.75865 ,  84.88519 ,  87.76785 , 111.30899 ,
        84.09883 ,  86.615654, 122.97284 ,  89.0089  , 102.19478 ,
        98.5923  ,  99.045715, 103.79204 ,  87.439896,  94.89841 ,
        83.851685,  70.069595, 102.01744 ,  82.52513 ,  91.69742 ,
        92.23584 ,  84.09436 ,  78.55639 , 101.19495 ,  94.179214,
       106.26683 ,  95.42487 ,  99.41971 ,  92.40121 , 119.70144 ,
        77.61719 ,  72.84584 ,  76.26044 ,  83.983475,  92.744064,
        90.58996 ,  94.836945, 102.683945,  99.47693 ,  74.39783 ,
        97.40781 , 100.69106 ,  92.51805 ,  89.61102 ,  94.57755 ,
        96.18857 ,  64.982574,  95.09201 ,  99.89101 ,  99.366325,
        84.01373 ,  85.19506 ,  97.991425,  96.465164,  89.22197 ,
        86.94444 ,  77.45917 ,  93.21747 ,  90.62552 ,  69.862976,
        81.89212 ,  79.943954,  89.36739 , 104.172   ,  85.3757  ,
        99.61284 ,  92.30137 , 102.47879 ,  93.02899 ,  80.1812  ,
        75.69423 ,  92.07691 , 106.23555 ,  87.05323 ,  88.04222 ,
       107.286514,  93.43816 ,  75.92648 ,  91.6066  ,  93.69981 ,
       108.52688 ,  94.25975 ,  96.89421 ,  91.457   ,  67.15404 ,
        85.034164,  89.652336,  88.74038 , 102.453186,  93.70698 ,
       110.585846,  83.58635 ,  93.67805 ,  95.58613 ,  91.88637 ,
        80.30354 , 102.32635 ,  79.19723 , 109.56444 ,  81.24345 ,
       104.635605, 103.117676,  74.00981 ,  90.09902 ,  94.25308 ,
        91.93848 ,  88.44852 ,  86.06663 , 109.66819 ,  91.3835  ,
        74.32836 ,  81.38045 ,  81.390015,  97.81782 ,  83.792465,
        84.24883 ,  94.660904,  81.73249 ,  86.576385,  90.25116 ,
        88.688156, 105.40223 ,  95.19021 ,  84.3861  ,  77.66518 ,
        92.45953 ,  87.61159 ,  94.07945 ,  92.406006, 115.07355 ,
        79.83586 ,  92.22917 ,  95.641624,  97.15823 ,  82.10236 ,
       110.11101 ,  94.282455,  95.00189 ,  97.905594,  95.54787 ,
       102.58821 ,  84.935745,  85.36179 ,  87.17091 ,  89.58913 ,
        83.272125, 104.62982 ,  86.23692 ,  80.84721 ,  96.06508 ,
       101.15832 , 103.28073 ,  94.754166,  92.59834 ,  74.21187 ,
        99.070404,  99.46777 ,  77.51126 , 107.85716 , 104.41014 ,
        84.24329 ,  94.440216,  95.09582 , 117.76683 ,  92.37503 ,
        80.460846, 105.28206 ,  83.1206  ,  93.735985, 104.58749 ,
       101.016716,  84.98659 ,  94.92795 ,  90.56762 , 105.95733 ,
        70.76057 ,  89.07751 ,  88.94625 ,  95.03775 ,  88.6929  ,
        84.748795,  81.46033 ,  80.79844 , 103.55002 ,  89.99146 ,
       100.336105, 108.964645,  86.768845,  87.56558 ,  83.27374 ,
        73.07829 ,  91.770645,  94.251724,  79.38494 ,  85.95607 ,
        75.18274 , 105.8905  , 103.7236  ,  99.78529 ,  81.050514,
        94.4828  , 100.21254 ,  70.57396 ,  91.9718  , 103.68379 ,
        81.76361 ,  99.94925 ,  75.48148 ,  84.188805, 103.25935 ,
        87.79051 ,  84.230965,  90.86931 , 108.48126 ,  98.547295],
      dtype=float32)]
