cuts average:65.2781967163086 : 
[array(65.01961, dtype=float32), array(67.23808, dtype=float32), array(64.56144, dtype=float32), array(64.9993, dtype=float32), array(65.65933, dtype=float32)]
[array(65.711975, dtype=float32), array(64.1225, dtype=float32), array(65.941986, dtype=float32), array(65.1956, dtype=float32), array(64.01913, dtype=float32)]
[array(66.31923, dtype=float32), array(65.100494, dtype=float32), array(64.097244, dtype=float32), array(65.93973, dtype=float32), array(65.24731, dtype=float32)]
128-fix average:[ 87.869644  87.3522    93.092514  92.31713   88.30306   91.59609
  92.23184   92.70154   87.87584   91.50539   93.80993   89.01115
  97.24925   87.79346   89.32512   90.490234  95.46635   95.583046
  89.487724  96.34193   86.607666  95.80242   86.192276  93.46348
  91.31236   91.8818    92.302864  90.32685   92.47913   93.14603
  92.84675   87.2388    88.850006  90.643745  86.58184   90.36649
  94.72645   88.9442    94.0615    92.3275    94.504745  94.07344
  90.84561   89.954865  93.13828   87.69725   89.75505   90.45378
  90.87055   91.94139   87.83973   89.80021   90.46032   94.14099
  95.492455  95.80622   92.024025  90.652145  88.70096   95.47573
  88.41427   86.71313   88.869804  98.62232   86.62728   88.037704
  86.73392   88.68567   91.656395  89.922516  85.05042   94.291756
  89.67403   90.14681   92.682144  89.01039   92.15897   89.80591
  91.97204   93.41882   90.52813   94.74288   87.89947   88.30249
  89.40846   91.32304   88.17075   88.32652   92.28245   89.66799
  86.67072   89.73118   91.319046  88.58903   89.87293   91.27017
  87.522415  90.92098   92.442825  86.305916  87.799706  90.52452
  95.34167   89.07533   90.36478   90.140465  93.35999   94.63015
  90.19967   93.67574   94.00739   86.10757   88.40737   91.17712
  91.960106  89.94013   88.91472   93.080605  91.145874  87.99252
  86.68105   90.3832    92.24907   86.977066  85.883354  88.25596
  92.77821   96.99199   88.67775   85.326324  93.85364   91.23563
  90.86513   90.413864  90.76565   95.772285  89.16019   90.96803
  89.17982   89.21862   92.61963   93.37154   95.222115  92.15503
  84.98717   92.485756  95.187454  87.60368   91.826096  96.19369
  92.211075  92.68112   87.03887   92.07568   90.424515  92.53183
  87.63672   94.75319   93.69217   92.931625  91.99136   88.428535
  93.0844   101.472626  90.35359   90.57229   91.21825   87.38064
  92.5112    92.72483   90.71428   90.48032   88.08628   91.95719
  92.770676  91.13403   86.965904  95.78602   88.31337   93.286934
  88.33143   89.824875  88.41289   91.16173   91.63599   88.21349
  89.28574   91.56725   87.84504   96.26566   91.95989   90.805336
  85.80964   94.351875  93.95571   93.01309   91.16257   91.755226
  92.42271   94.6666    89.39311   91.0215    89.66039   90.02769
  94.72522   88.61191   84.823364  89.9947    94.40981   87.29248
  85.833015  91.646065  91.73506   86.40947   91.64718   93.209076
  93.28208   96.47639  100.70742   90.183136  89.37807   87.42527
  90.35707   95.30031   91.986855  87.58039   81.426674  87.32323
  96.28945   93.04095   94.016235  91.82238   92.69622   88.29655
  90.84807   85.69556   99.50069   89.75603   94.50632   88.5847
  91.27731   88.85931   87.30886   91.03355   89.58677   94.87479
  85.35328   93.390976  92.03036   88.21487 ] : 
[array([ 97.828415,  90.95297 ,  85.58498 , 109.1615  ,  74.94533 ,
        83.98187 ,  79.20087 , 104.48586 ,  98.97995 ,  99.798615,
        78.127304,  84.89668 ,  88.50502 ,  70.67482 ,  94.05454 ,
        83.90947 ,  93.10548 ,  86.84086 ,  91.998886, 108.25609 ,
        81.59331 ,  94.241516,  81.19768 ,  96.72229 ,  98.16179 ,
        97.15582 ,  77.2092  , 105.44267 ,  92.18246 ,  95.53703 ,
        77.65083 ,  86.73776 ,  89.16095 ,  62.812828,  79.13555 ,
       100.97238 , 100.8642  ,  96.85257 , 110.611916,  77.79607 ,
       101.19049 ,  83.848915,  52.71605 ,  80.359695,  75.007675,
       107.91442 ,  83.47739 ,  74.38141 ,  78.06559 ,  99.6942  ,
        92.21374 ,  97.81572 ,  87.95468 ,  78.24298 ,  73.504074,
        95.48088 , 108.04859 , 107.56106 ,  85.44236 , 108.06145 ,
        93.20885 ,  93.139435,  82.50822 ,  99.73724 ,  85.017654,
        99.38762 , 102.51699 , 103.01314 ,  77.45813 ,  74.086975,
        97.21539 ,  85.56938 ,  93.568275,  94.31688 , 108.26671 ,
        77.76378 ,  85.39235 ,  82.177246, 109.12132 ,  94.45494 ,
        86.60335 ,  93.46942 ,  98.40648 ,  83.408295,  96.93704 ,
        85.97584 ,  96.65652 , 101.25075 ,  89.84877 ,  90.62863 ,
        71.722336, 107.214325,  79.9711  ,  92.78061 ,  87.15879 ,
        84.38382 ,  93.91855 ,  99.91249 ,  95.50046 ,  99.18103 ,
       104.59209 , 103.81125 ,  98.70996 , 112.06975 ,  97.40453 ,
        87.4048  , 116.15834 , 103.06033 ,  93.01485 ,  79.40031 ,
        96.38132 ,  92.0903  ,  83.26286 , 108.242584,  84.56633 ,
        94.26485 ,  93.31495 ,  96.38312 ,  93.384605,  94.23949 ,
        86.98808 ,  83.373184,  75.53705 ,  75.90402 ,  83.255066,
        91.327965,  86.50079 ,  89.27894 , 128.63573 ,  94.75187 ,
        93.609375,  86.84424 ,  86.64879 ,  76.1131  ,  77.4312  ,
       100.36344 ,  86.38956 , 110.33475 ,  81.27942 ,  75.72949 ,
        96.48854 ,  74.67641 ,  91.9122  ,  80.53981 ,  99.49109 ,
       114.38664 , 102.456604,  87.07236 , 100.04944 ,  86.412766,
        81.3689  ,  90.400085,  93.8648  ,  71.20032 ,  98.84535 ,
        98.52269 , 126.99608 ,  80.61745 , 102.83565 , 110.41507 ,
       108.27561 ,  75.39079 , 101.64717 ,  90.2045  , 100.68535 ,
        93.18498 ,  90.88452 ,  90.32732 ,  91.1066  ,  88.02524 ,
        93.137215,  69.41028 ,  73.61651 ,  77.77447 ,  85.80827 ,
        89.667984,  82.021034,  96.05858 ,  86.139145,  88.45263 ,
        75.92313 ,  81.666374,  87.38658 ,  90.725975,  93.36716 ,
        79.87607 , 102.66515 ,  85.64555 , 102.57685 ,  92.82865 ,
        89.748   ,  99.5661  ,  92.783585,  84.24164 ,  82.969925,
       113.43433 , 121.35199 ,  89.02371 ,  91.9613  ,  83.83179 ,
       116.00479 ,  90.575294,  82.58979 ,  82.38241 , 127.05435 ,
       119.22351 ,  78.62991 ,  89.17865 , 102.03541 ,  90.219   ,
        88.42771 , 102.74107 , 101.04191 ,  90.456825,  99.771225,
        84.02696 ,  92.37636 , 108.73367 ,  84.7527  ,  91.370255,
        93.2243  ,  71.84688 , 119.786514,  72.81077 , 114.42226 ,
        86.65164 ,  98.77005 , 105.381226,  98.038124,  88.16696 ,
        75.311264,  85.112366,  91.47128 ,  80.95199 , 104.209435,
        78.45184 , 110.492386,  68.46634 ,  91.99067 ,  83.25005 ,
        92.70438 ,  83.80458 ,  79.35041 , 113.73375 , 100.64873 ,
       112.68007 ,  73.74802 , 108.890785, 103.546326,  78.920364],
      dtype=float32), array([ 92.19399 ,  86.02239 ,  95.06827 ,  79.77097 ,  62.763237,
       101.8891  , 104.029366,  91.91104 , 102.1561  ,  92.70149 ,
        87.73132 ,  77.547195,  95.33966 ,  90.08345 ,  75.36814 ,
        69.57538 , 109.42284 , 102.98133 ,  94.51106 , 108.24039 ,
        83.67005 ,  93.340805,  92.473145,  78.73323 ,  96.45651 ,
        84.15013 ,  91.19693 , 102.08675 , 112.795074,  97.69621 ,
        99.146515, 107.51828 ,  76.9496  ,  94.14156 ,  85.04474 ,
        93.3936  ,  92.892235,  83.39248 ,  90.469574,  82.98471 ,
        73.79547 ,  83.3145  , 101.703674, 102.86569 ,  95.13734 ,
        82.632645,  89.07063 ,  79.55636 , 109.47558 ,  93.98001 ,
        74.94937 ,  78.58804 , 103.97872 ,  97.05205 , 107.61312 ,
       100.36303 ,  97.794556, 108.26639 ,  74.56358 ,  98.10671 ,
        96.55903 ,  94.72634 ,  82.35264 ,  92.52659 ,  81.59795 ,
        98.874245,  90.7863  ,  93.170364, 121.89362 ,  84.35076 ,
        99.91902 ,  88.33777 ,  74.825676,  98.83411 ,  85.474304,
       100.58086 ,  91.275635,  95.19304 ,  93.14743 ,  83.36922 ,
       129.83627 ,  84.694664,  91.845764,  91.17554 ,  75.186646,
        62.976883, 101.92095 ,  82.67981 , 100.49616 , 105.11923 ,
        83.946976,  83.07358 ,  88.444626,  87.42496 ,  77.466995,
        83.91677 ,  88.54868 , 102.744095,  96.63567 ,  96.04979 ,
        83.86966 ,  80.92523 , 122.98818 ,  68.93846 ,  83.32443 ,
       100.858345,  93.866646,  83.67129 ,  75.43991 ,  86.824326,
        86.73657 ,  75.57877 , 130.2911  ,  96.9782  ,  86.618324,
        97.67931 ,  73.13897 ,  96.66688 , 105.38076 ,  76.20861 ,
       103.001976,  89.70789 , 100.8062  ,  95.35244 ,  73.898346,
        97.79942 ,  83.48345 ,  93.46854 ,  85.05032 ,  92.90781 ,
        79.51553 ,  81.79079 ,  82.63579 ,  71.70398 , 104.86182 ,
        98.47965 , 112.05759 ,  78.887535,  60.34043 ,  84.79715 ,
       100.44179 ,  97.55493 , 106.44011 ,  90.51007 ,  77.29402 ,
        95.20766 , 103.81932 ,  84.7443  ,  87.89539 , 103.17602 ,
       103.831345,  91.84416 ,  77.368904,  77.88228 ,  84.89873 ,
       106.04344 ,  96.57692 ,  96.230896,  89.40883 , 105.04518 ,
        90.638596,  78.939   ,  98.67453 , 121.87659 ,  97.67874 ,
        90.23365 ,  93.40633 ,  93.90593 ,  97.254486, 116.88127 ,
       104.488235,  68.36258 ,  93.449585,  82.13881 ,  93.042404,
       103.32596 , 102.04817 ,  83.54148 ,  89.14873 ,  95.752945,
        82.429565,  82.74704 ,  69.77066 ,  86.44072 , 106.86112 ,
        85.24824 ,  88.605286,  86.97131 ,  78.85126 , 101.174706,
       100.0538  ,  95.87671 ,  84.51509 ,  96.230896,  96.92316 ,
        83.21025 ,  87.93632 ,  78.20196 ,  76.71379 , 105.94577 ,
        91.72336 ,  98.8621  ,  97.665695, 108.60828 ,  84.63605 ,
        89.346954,  89.04814 ,  89.85939 ,  99.74918 ,  79.147644,
        69.73104 , 114.69412 ,  84.84128 ,  99.6678  ,  79.610085,
       121.98901 ,  74.72192 ,  78.919525,  93.342514,  87.37104 ,
        92.247086, 100.005356,  79.17236 ,  96.72884 ,  69.65271 ,
        82.54683 ,  78.80232 ,  90.9995  ,  84.60348 ,  90.75808 ,
       121.352005,  93.51512 ,  83.3405  ,  89.081375,  76.822845,
        88.396515,  98.348366,  91.6185  , 108.29468 ,  76.93173 ,
        89.53658 , 105.99519 ,  63.369595,  80.97373 ,  84.40159 ,
        97.287025,  71.63263 ,  87.688934,  69.981544,  85.86638 ],
      dtype=float32), array([ 75.94925 ,  75.68968 ,  89.0514  ,  79.54577 ,  94.995674,
        84.39201 , 101.460846,  93.07033 ,  88.86041 , 118.090836,
        87.711   ,  73.04288 , 112.0271  , 103.21829 ,  94.07499 ,
        99.88582 , 104.76558 , 107.82489 ,  87.47162 ,  88.556   ,
        87.84279 ,  82.98886 ,  65.41035 ,  98.96349 ,  96.08378 ,
        87.79123 ,  85.65082 ,  81.036   , 102.58461 ,  90.44791 ,
        97.495316,  71.83118 ,  90.13342 ,  99.658554,  94.75192 ,
        67.75276 ,  76.55283 ,  80.78135 ,  90.66909 , 107.901955,
       105.41744 , 108.44191 , 100.38562 , 100.26166 , 118.890045,
       100.92255 ,  96.717606,  77.84625 ,  86.93773 ,  74.22056 ,
        92.94467 ,  90.86958 ,  79.70953 ,  82.56503 ,  96.51535 ,
       113.22746 ,  88.036224, 101.066925,  97.27605 ,  99.37791 ,
        92.843704,  69.44747 , 113.668144,  96.035355,  78.73878 ,
        87.94049 ,  81.12881 , 106.18037 ,  90.22129 ,  86.44055 ,
        71.578255,  81.9805  ,  94.79531 ,  82.8743  , 122.234726,
        78.817986, 101.571045, 113.03094 ,  80.09872 , 107.66312 ,
        80.45247 ,  83.92121 , 107.27774 ,  87.54978 ,  67.45517 ,
        96.70372 ,  83.19672 ,  87.12097 ,  83.654175, 103.15329 ,
        87.611984, 109.868744,  82.73183 ,  70.776184,  91.27121 ,
        97.44453 ,  95.843056,  71.558586,  85.83899 ,  88.26463 ,
        79.55087 ,  93.06186 ,  93.10722 ,  91.35445 ,  69.894745,
        86.633156, 116.148315, 104.44475 ,  78.160706, 101.48285 ,
        91.52018 ,  92.649826,  84.34152 ,  84.42592 ,  88.882454,
        96.247475,  79.68211 ,  83.94798 , 110.140945,  81.95873 ,
        62.441425,  74.46124 , 114.98413 ,  75.4101  ,  93.07687 ,
        80.47606 , 100.32816 , 124.49385 ,  85.77133 ,  71.07417 ,
        89.54346 ,  94.63512 ,  92.53056 ,  81.73697 , 102.28027 ,
        93.74397 ,  89.53698 ,  78.59772 , 120.996216,  77.30994 ,
        87.62958 ,  73.04071 , 106.81116 ,  83.74497 ,  85.52701 ,
        79.85295 , 100.175995,  68.20773 ,  91.89761 ,  87.79248 ,
        84.85379 , 110.682175,  98.58176 , 100.45323 ,  87.899124,
       107.59594 ,  83.53923 ,  98.35359 , 113.964905, 101.560486,
       101.40311 , 109.93455 , 100.63307 ,  85.8698  , 101.780365,
        80.63867 , 116.57901 , 100.00137 ,  98.46297 ,  93.43782 ,
        96.04112 ,  84.50928 ,  89.15324 , 110.77729 ,  95.36563 ,
       102.550186,  68.72605 ,  90.62506 ,  80.94261 ,  67.10971 ,
       101.43277 , 111.847595,  66.965454,  83.45218 ,  72.75626 ,
        75.98829 , 105.29306 ,  91.212296,  78.69217 , 102.89055 ,
       116.26506 ,  93.43189 ,  96.95708 ,  88.19684 ,  87.017006,
        86.287094,  83.284134,  89.62921 ,  81.69293 ,  92.82846 ,
        94.24641 ,  92.25048 ,  94.261246,  78.64487 , 102.432205,
        81.23686 ,  85.97472 ,  85.90857 , 102.09189 ,  86.50899 ,
        81.76535 ,  62.35528 ,  85.981224,  86.16223 ,  81.490555,
       100.444885,  88.96157 , 100.31418 , 111.98183 ,  87.06986 ,
        78.17692 ,  83.913994, 102.341805,  99.25133 ,  95.66106 ,
        67.13874 ,  82.50239 ,  79.29375 ,  98.30002 , 103.82278 ,
        84.29991 ,  82.19739 ,  92.06128 ,  80.32918 ,  86.54971 ,
        95.783554,  98.531235, 100.97684 ,  85.70063 ,  87.57307 ,
        86.61374 ,  85.1663  ,  88.78946 ,  92.60435 ,  82.356026,
        97.871574,  89.81537 ,  83.57817 ,  99.39143 ,  71.3072  ],
      dtype=float32), array([109.701294,  80.56179 ,  85.66463 , 109.758995, 100.631805,
       113.46484 ,  98.17966 , 100.8577  ,  77.83489 ,  91.51973 ,
        90.90613 ,  81.30611 ,  84.5465  , 105.6326  ,  78.02716 ,
       114.42816 , 107.69655 , 105.75551 ,  94.53627 ,  88.00867 ,
       100.29143 ,  88.79318 ,  92.08986 , 105.79908 ,  90.8387  ,
        79.23699 ,  98.33505 ,  91.55491 ,  96.16382 ,  90.3575  ,
        67.986534,  73.88198 , 110.18614 , 105.062805,  91.69281 ,
        74.19524 ,  98.46504 ,  78.5621  ,  91.395035, 103.989944,
        79.010635, 102.68926 ,  88.39598 ,  77.8201  ,  88.52156 ,
        93.39713 ,  97.56444 ,  97.75604 ,  76.40053 ,  85.95389 ,
        97.27603 ,  86.60813 ,  95.405075,  91.47721 ,  86.33778 ,
       101.4615  ,  81.6023  ,  80.47079 , 106.71558 , 101.41516 ,
        73.54468 ,  70.58679 ,  90.69667 ,  95.73222 ,  82.36713 ,
        81.66817 ,  94.16789 ,  82.81712 ,  97.50002 , 117.977875,
        79.63422 , 101.74492 ,  84.768265,  85.51519 ,  86.19476 ,
        97.369225,  92.24869 ,  90.1389  ,  93.01649 ,  74.38393 ,
        99.61278 ,  90.190796,  83.682526,  93.15149 ,  73.04023 ,
        99.09146 , 111.24637 ,  70.12173 , 106.71385 ,  55.525593,
        87.48912 ,  90.472565,  84.22487 ,  88.78576 ,  85.02414 ,
       100.685165,  82.10397 ,  72.32144 , 104.59082 , 102.38213 ,
        81.8311  , 105.39368 ,  81.41559 ,  97.93849 ,  85.28333 ,
        69.914856,  83.442986,  90.331055,  87.88187 , 102.803215,
        94.00003 ,  55.48728 ,  70.73616 ,  82.11873 ,  79.66803 ,
        79.4759  , 112.70081 , 112.510315,  99.4445  ,  90.19911 ,
        73.33004 ,  95.70596 , 104.8306  , 101.624695,  79.20401 ,
       104.40326 ,  95.55708 ,  85.852844,  95.475586,  59.506836,
       100.47627 ,  84.73388 ,  70.3741  , 101.71669 ,  80.80197 ,
        90.3508  ,  78.91898 , 114.92662 , 102.81302 ,  80.441086,
       105.99126 ,  92.50597 ,  99.00364 ,  89.7184  ,  71.12419 ,
        91.96273 , 100.26407 , 108.889984,  75.41849 , 103.62767 ,
        88.985535,  88.4431  ,  88.589584,  95.83377 ,  97.36209 ,
        91.70703 ,  94.05153 ,  94.168076,  72.953545,  82.17873 ,
        95.717026,  88.251915,  79.14769 , 102.45037 ,  77.11725 ,
       115.33696 ,  89.66439 ,  91.71278 ,  71.32818 ,  92.43302 ,
        88.446144,  88.86641 , 105.76729 ,  86.653564,  88.31863 ,
        93.77021 ,  92.278946,  80.27775 , 105.72912 , 102.65059 ,
        78.85144 ,  90.02646 ,  90.086815, 123.7661  ,  82.40637 ,
        82.34325 ,  78.45128 ,  79.313286,  88.6517  , 102.1462  ,
        98.23693 , 104.637924,  74.008545,  76.738914,  67.71055 ,
        96.535965,  76.49753 , 110.87041 ,  92.27564 ,  92.74135 ,
        97.35614 ,  95.31792 ,  73.77526 ,  98.77493 ,  98.49127 ,
        95.55708 ,  88.446144, 101.653595,  94.289215,  88.128815,
        82.313515,  84.422104,  94.07001 ,  79.143906, 107.16226 ,
        81.59064 , 102.10794 ,  83.26205 , 101.59204 ,  96.3242  ,
        61.929897,  79.03985 ,  81.844826, 108.44038 , 106.65703 ,
        82.18592 ,  90.626045,  93.078445,  93.99462 ,  84.05437 ,
        78.89877 ,  90.82643 , 110.68115 ,  90.803665,  90.385345,
        68.521286,  95.06209 , 103.759735,  77.26407 ,  87.102875,
        95.813805,  78.42303 , 106.839806,  87.05936 , 104.6304  ,
        92.84565 ,  83.887375, 107.648346,  90.466675,  99.19163 ],
      dtype=float32), array([ 80.74953 ,  74.56506 , 107.03677 ,  88.604385,  92.44606 ,
        72.45866 ,  82.54498 ,  92.31024 ,  96.202866,  74.85727 ,
       103.191376,  87.10921 ,  93.984726,  81.145905, 102.280075,
        80.43446 ,  76.83388 ,  80.190155,  84.331604,  94.33086 ,
        84.42728 , 100.533936,  90.45727 , 107.42952 ,  76.077354,
        99.914474,  95.09976 ,  91.13469 ,  91.111206, 100.026886,
        59.677704, 101.52832 ,  86.11865 , 108.05116 ,  88.89636 ,
       102.19813 ,  96.61516 , 102.05861 ,  80.07573 ,  89.650406,
        93.19121 , 109.94636 ,  74.24704 , 114.36116 ,  90.78548 ,
        81.62363 ,  65.58269 ,  92.227585,  87.44733 ,  87.12959 ,
       107.842705,  78.51197 ,  99.76729 , 105.50539 , 125.39577 ,
        94.715546,  80.19188 ,  81.9249  ,  88.91089 ,  77.584114,
        75.63423 ,  76.33011 ,  74.68713 ,  90.37222 ,  84.64052 ,
        95.61254 ,  95.92583 ,  99.685715, 103.51482 ,  71.88301 ,
        92.78527 , 100.45544 ,  85.97444 ,  95.4264  ,  90.767166,
        78.32973 ,  94.36754 , 104.455284,  88.26946 , 118.35772 ,
        77.33768 , 102.8723  ,  75.321335,  98.62781 ,  79.93536 ,
       116.7905  ,  93.18927 ,  80.812805,  94.88985 , 102.10668 ,
        88.92304 , 100.57843 ,  91.58899 ,  76.285225,  91.50159 ,
        95.71556 ,  81.457214, 102.59424 , 101.00812 ,  99.21588 ,
        71.36513 ,  93.26291 ,  78.11582 ,  82.741684,  80.30321 ,
        73.655945,  98.938385,  96.950005,  89.516266, 105.37436 ,
        88.25083 ,  87.54328 ,  82.3154  , 107.16954 ,  96.53273 ,
        80.89926 ,  78.264015,  86.65556 ,  87.598145,  87.265396,
        99.02896 ,  91.1021  , 102.728165,  91.807526,  95.140465,
        80.94868 ,  98.308304, 101.52929 ,  79.37514 , 103.16865 ,
        91.4804  ,  83.10355 , 103.815216, 111.096054,  83.514435,
       107.80365 ,  90.18785 ,  95.16855 ,  96.349075,  80.98648 ,
        98.701324, 113.51485 ,  71.72391 ,  81.88515 ,  73.83432 ,
        86.81671 , 100.36655 ,  84.73277 ,  88.37761 , 110.559456,
        88.742584,  80.841324,  76.52515 ,  93.11785 ,  83.99332 ,
        84.04086 ,  92.15107 , 111.166565,  86.638145,  80.508484,
       118.36246 , 113.88628 ,  67.90941 , 100.565994,  87.61386 ,
        91.30113 ,  85.8691  ,  84.42099 , 101.94826 ,  92.78527 ,
        93.82703 ,  83.51516 , 101.19084 ,  85.93756 , 116.3766  ,
        91.92543 ,  97.63276 ,  82.77559 ,  97.66606 , 103.52342 ,
       105.73844 ,  77.06149 , 112.125015,  79.49965 ,  92.63187 ,
       111.89824 ,  68.720795,  92.89181 ,  96.87621 , 103.06952 ,
        71.28996 ,  62.481544,  64.875084, 103.06517 ,  84.86624 ,
        74.100006, 100.10686 , 100.54505 ,  99.181114, 100.18623 ,
        68.66884 ,  99.25557 ,  99.35713 ,  85.94061 ,  85.77057 ,
       103.76805 ,  88.28572 ,  79.26102 , 112.163574,  78.2672  ,
        89.399376, 102.45454 , 101.22228 ,  99.41943 , 104.26648 ,
        82.30986 ,  99.01177 ,  85.177505,  91.85979 ,  95.45108 ,
        77.22403 ,  85.3639  , 101.628845, 117.56909 ,  84.66485 ,
        81.98639 ,  75.29251 ,  93.35077 ,  86.16293 ,  99.35713 ,
        96.81717 ,  80.68347 ,  77.45827 ,  77.61393 ,  76.655266,
        71.54259 ,  87.14229 ,  68.020874, 112.706085, 102.78113 ,
        98.268906,  92.53612 , 110.77594 , 104.6664  ,  97.069824,
        80.255646,  95.99144 ,  95.889915, 104.17309 ,  88.57269 ],
      dtype=float32)]
[array([ 94.89269 ,  94.96806 , 106.357445, 115.39279 , 102.678116,
        92.92929 , 117.028336,  77.69016 ,  91.704666,  63.49608 ,
       109.45813 , 101.52223 ,  74.43504 ,  79.66098 ,  89.30864 ,
        91.94234 ,  80.7265  ,  86.725494,  79.615166, 110.092514,
        71.37715 , 114.141914,  84.642006,  93.99546 ,  79.258934,
        79.39555 ,  84.54739 ,  85.41594 ,  80.58474 ,  91.45946 ,
       107.15946 ,  92.75493 , 104.89432 , 108.87542 ,  82.63931 ,
        83.44345 ,  94.18153 ,  94.6345  , 110.860466,  83.54851 ,
       103.36191 ,  88.5953  ,  85.468506,  97.957535,  71.9447  ,
        99.91687 , 102.40161 ,  91.93058 ,  83.90425 ,  81.12157 ,
        84.36374 , 101.51271 ,  85.09778 , 100.92374 ,  81.5624  ,
        85.84732 , 103.75549 ,  83.384415,  97.22223 ,  99.752655,
        72.58229 ,  77.80028 ,  85.80855 ,  93.22109 ,  93.21567 ,
        69.727356,  72.91722 ,  83.408356,  86.11282 ,  99.938705,
        93.14212 , 121.489296,  89.782166,  71.707375,  95.62323 ,
        73.22246 ,  91.13168 ,  75.72531 ,  87.46321 ,  95.06317 ,
        92.435936,  97.67195 ,  76.82386 ,  84.58009 ,  83.506615,
        79.863556,  73.28148 ,  93.9071  ,  98.22413 ,  89.697876,
        85.56177 ,  65.275925,  69.257965,  74.87499 , 102.80824 ,
        81.14174 ,  81.458534,  92.58653 ,  93.57153 ,  86.90244 ,
        81.84543 ,  97.76302 ,  76.75808 ,  89.75712 , 106.927315,
        92.03314 ,  81.60016 ,  91.07056 ,  97.09772 ,  85.51129 ,
        79.41063 ,  96.05514 ,  86.40413 ,  85.795105,  91.888504,
        79.99716 ,  94.38797 ,  88.91433 ,  95.32012 ,  89.60553 ,
        73.593155,  77.27992 ,  98.70795 ,  79.544556,  69.282455,
        85.820465,  87.50309 , 100.31237 ,  75.24569 ,  88.964325,
       116.392136,  90.20284 ,  98.91468 ,  85.37332 ,  89.07656 ,
        94.55144 ,  74.547386, 102.45035 ,  83.245575,  93.38374 ,
        93.50745 ,  91.968094,  95.016846,  93.78476 ,  83.75798 ,
        86.27818 ,  87.23059 ,  96.17726 , 104.728294,  95.292404,
        84.64918 ,  87.23689 ,  77.31544 ,  94.43824 ,  99.29048 ,
        86.62607 ,  97.17086 ,  93.765335,  85.24873 , 118.52442 ,
        97.409424,  75.62235 , 111.504456, 124.59996 ,  88.485306,
        76.98068 ,  84.411766,  80.26332 , 100.90701 ,  93.77425 ,
        90.22878 , 103.29861 ,  99.85851 , 102.84134 ,  83.75949 ,
        94.31525 ,  87.20665 , 100.17322 ,  60.92359 ,  98.930405,
        85.08568 ,  99.8622  ,  92.41828 ,  79.92471 ,  91.54466 ,
        79.5724  ,  72.32735 ,  89.97711 ,  69.04704 ,  92.36775 ,
       100.49461 ,  78.778534,  97.541016,  87.84148 , 100.33131 ,
       102.656334,  92.62111 , 110.43258 , 101.79767 , 110.27336 ,
        86.07878 , 103.24455 ,  88.95894 ,  87.08579 ,  65.183685,
        81.839615,  88.66434 , 105.731186,  91.75104 ,  83.80905 ,
        97.43528 ,  87.60454 , 112.42761 ,  69.23724 ,  96.19524 ,
       103.193245,  83.913864, 108.1938  ,  83.43095 ,  84.6028  ,
        90.51851 ,  90.83917 ,  90.187454, 103.74312 ,  67.54695 ,
        94.08879 ,  78.997604,  76.6001  , 106.82437 ,  85.09441 ,
        85.33151 ,  96.34984 ,  78.20689 ,  86.96094 ,  72.38671 ,
        94.044075,  83.04679 ,  79.44466 ,  94.75815 , 111.29161 ,
        97.4317  ,  77.48741 ,  87.62228 ,  92.21265 ,  84.006775,
        97.84506 ,  80.48796 , 107.4142  , 109.79184 ,  94.04852 ],
      dtype=float32), array([ 70.30072 ,  92.04112 , 103.77258 , 105.77142 ,  92.24646 ,
        86.685074,  96.53995 , 108.93254 ,  96.38782 ,  86.93686 ,
        81.57895 ,  70.90692 , 124.824455,  82.97189 ,  84.35225 ,
        86.16089 , 126.26997 ,  84.84275 ,  97.629745, 108.0907  ,
        86.05542 ,  88.80209 ,  88.050385,  98.3669  ,  89.07552 ,
        84.210556,  90.32432 , 108.338974,  83.45944 ,  87.59814 ,
       115.916985,  95.4264  ,  79.1308  ,  88.727356,  91.01625 ,
       106.68703 ,  98.16945 ,  99.50322 ,  80.039764,  94.205765,
        84.08255 ,  93.63783 ,  95.143295,  81.784424,  95.662964,
        84.7627  ,  99.8864  ,  97.04991 , 105.70253 ,  98.37129 ,
        78.50836 , 111.83588 ,  84.05067 ,  85.01493 ,  89.482155,
        89.73805 ,  87.51793 ,  67.57457 ,  86.586975,  95.72238 ,
        99.91227 ,  84.07654 ,  80.92686 , 114.75212 ,  67.09482 ,
        93.62906 ,  78.5712  ,  64.056015, 109.69564 ,  94.280815,
        94.71656 ,  77.77162 ,  80.75326 , 100.535065,  90.95198 ,
       107.41144 , 114.74651 ,  85.9043  ,  86.31618 ,  75.232056,
        79.21513 , 112.17947 ,  83.620865,  84.44231 ,  98.88728 ,
        88.41967 ,  95.12615 ,  90.94167 ,  85.99645 ,  82.9837  ,
        87.02183 ,  98.89984 ,  82.97064 ,  83.15381 , 104.242676,
        78.43093 ,  92.19644 ,  98.61395 ,  86.45485 ,  81.80887 ,
       110.06158 ,  75.43706 ,  91.06969 , 103.240425,  88.267166,
        77.554886, 107.35751 ,  91.23866 ,  89.997284, 103.121826,
       120.47437 ,  78.1859  ,  89.55963 ,  93.015594, 118.51311 ,
       108.24785 , 107.98913 ,  91.99838 ,  88.937325,  86.93071 ,
        79.22586 , 107.93554 ,  96.140045,  86.19789 ,  96.79237 ,
        83.43477 ,  97.051315,  85.81989 ,  90.519684,  97.48686 ,
       102.06363 ,  86.67134 ,  98.79602 ,  81.533195,  98.57973 ,
        77.10826 ,  88.050934,  79.95729 ,  91.56499 , 102.26547 ,
       105.98663 , 100.558044, 115.49948 , 100.61881 ,  87.15677 ,
        89.31996 ,  82.01503 , 102.63742 , 113.51729 , 112.10956 ,
        93.184296,  88.83542 ,  84.58757 ,  93.610466,  93.57151 ,
       117.484604,  67.23059 , 124.57975 ,  85.49808 ,  77.108475,
        83.44982 ,  73.15213 , 102.53343 ,  79.8684  , 124.621414,
        80.01773 ,  85.15941 ,  80.916504, 108.69975 ,  99.69786 ,
        66.399284, 100.41363 ,  78.59758 ,  86.8337  ,  98.15946 ,
        84.727585, 119.84915 , 117.5102  ,  82.889496,  88.0634  ,
        70.19232 ,  77.9539  ,  75.296936,  89.38161 ,  80.59253 ,
        95.91764 ,  93.63243 , 100.849464,  68.82167 ,  96.131714,
        89.8911  , 103.38672 ,  82.08011 , 128.37877 , 141.50298 ,
        97.72038 , 103.09111 ,  81.113205, 115.15178 ,  87.178375,
        71.745346,  86.07744 ,  83.694214, 105.46931 ,  96.876175,
        86.37335 ,  77.297714,  86.57776 , 101.428314,  93.98017 ,
       107.64869 ,  96.218216,  89.60056 ,  69.077095,  86.88971 ,
        93.72792 , 102.21214 , 125.79559 ,  90.285576,  91.42613 ,
        90.12828 ,  80.51651 ,  94.26172 ,  99.38536 ,  92.20058 ,
        96.17873 ,  88.31921 ,  86.74637 ,  82.772995,  80.09317 ,
        90.77864 ,  98.75777 ,  71.56133 ,  85.15941 ,  92.75719 ,
        91.17438 ,  94.06428 ,  91.66588 , 106.646965,  72.67105 ,
        89.4281  ,  78.45392 ,  88.92122 ,  71.69653 ,  76.0228  ,
       107.72186 ,  82.75401 ,  86.99037 ,  89.43118 ,  80.390656],
      dtype=float32), array([ 87.35675 ,  97.56402 ,  81.78436 ,  89.08076 ,  76.07718 ,
       108.79286 ,  79.03528 , 103.36532 ,  77.429276,  71.35234 ,
        85.72759 ,  79.47235 ,  98.46765 ,  88.337425, 101.03947 ,
        85.465576,  81.42467 , 109.71656 ,  81.297424,  79.68274 ,
       105.525925,  85.23014 ,  90.58577 ,  90.32626 , 102.1785  ,
        93.17113 , 108.09073 ,  83.55914 ,  83.396576, 101.2283  ,
        74.59716 ,  88.60199 ,  93.021324,  98.8341  ,  82.6696  ,
        93.56109 ,  80.36217 ,  90.32715 , 111.04931 ,  92.625824,
        96.60376 ,  98.71672 ,  97.0372  ,  70.62953 ,  90.51753 ,
        72.124344,  83.358505,  90.941925,  95.16479 ,  89.47137 ,
        75.74945 ,  71.94643 ,  82.74646 ,  87.23062 ,  84.167404,
       126.14848 ,  84.31815 , 106.685425,  97.3798  ,  82.57558 ,
        85.01779 ,  96.32836 ,  76.39707 , 129.69128 , 105.27989 ,
        92.67424 ,  78.25137 , 110.45924 ,  93.12947 , 105.99483 ,
        88.19885 , 108.970825,  95.09851 ,  79.300644, 108.12755 ,
        94.20361 ,  86.042816,  99.8959  ,  93.432   ,  93.534454,
       113.2128  , 118.6138  , 106.8463  ,  79.42621 , 104.57866 ,
        69.8797  ,  80.18418 , 110.303825, 100.991165,  73.464874,
       113.457   ,  96.75964 , 104.06282 ,  79.021484,  81.778496,
       126.389854,  78.10941 ,  94.93448 ,  78.72174 ,  87.57621 ,
        85.58392 ,  91.228615,  87.18625 ,  87.778564,  95.697464,
        80.33252 ,  83.46393 ,  96.70758 ,  90.96629 , 108.103615,
       116.83768 ,  81.218216,  92.20123 , 100.94042 ,  95.27647 ,
       109.4014  ,  75.622986,  85.96637 ,  90.324265,  82.334015,
       104.32323 ,  84.15168 , 100.43405 ,  90.52101 ,  94.082794,
        92.1195  ,  92.972626,  90.20577 ,  89.08119 ,  88.96803 ,
       101.47249 , 102.91454 , 117.79584 ,  98.96413 ,  81.54228 ,
        84.56178 ,  92.793335,  95.399895,  98.558624,  90.114975,
        61.651726,  91.551575, 110.04938 , 115.2113  ,  92.10788 ,
        89.17735 , 121.74579 ,  97.11682 , 111.90834 ,  94.56211 ,
        96.350464,  90.41437 ,  97.13971 ,  99.00018 ,  79.72575 ,
        76.93984 ,  84.338684,  84.97374 ,  87.42567 ,  81.87613 ,
        86.13539 ,  91.58838 , 102.24316 ,  97.3975  , 106.33832 ,
        97.53407 ,  86.13943 ,  76.20131 ,  77.14674 ,  89.17598 ,
       104.17119 ,  89.733604,  80.3875  ,  88.875336,  92.71577 ,
        83.781784,  86.29164 , 112.46595 ,  80.58357 , 113.263824,
       126.22836 ,  89.273674,  65.58879 ,  88.49405 , 101.765465,
        96.623314,  90.469   ,  90.6673  ,  93.1992  ,  88.51849 ,
        88.95445 ,  87.39496 ,  89.20795 , 115.40843 ,  87.941505,
        92.20123 ,  89.881714,  96.37661 ,  98.59475 , 103.193985,
        86.89007 ,  85.1611  ,  90.72034 , 100.34071 ,  90.16153 ,
        93.45192 ,  76.83612 , 100.70134 ,  95.355316,  85.37515 ,
        73.18495 ,  77.281265,  78.70183 ,  80.02759 ,  91.28761 ,
        92.588165,  87.60718 , 104.04841 ,  76.03841 ,  83.825264,
        83.77779 ,  75.59143 ,  69.648315, 112.66478 ,  94.97718 ,
        87.7913  ,  75.583466,  93.002335,  92.72402 ,  73.20421 ,
        98.49681 ,  96.67488 , 100.4675  ,  86.319   ,  77.83685 ,
        97.81417 ,  92.241516,  97.025085,  95.22898 ,  86.752556,
        87.9275  ,  99.48712 ,  89.51572 ,  91.73845 , 110.52248 ,
        87.364105,  95.22898 ,  91.926315,  82.58447 ,  90.72308 ],
      dtype=float32), array([ 87.095   ,  92.33302 , 116.24913 ,  88.410095,  84.51053 ,
        84.097244,  78.07027 ,  89.52098 ,  82.9471  ,  88.58424 ,
        81.27524 ,  86.31301 , 107.79691 ,  88.99037 ,  83.97249 ,
        85.11513 ,  98.01085 ,  74.095924,  86.35962 ,  97.54573 ,
        75.73912 , 110.64348 ,  93.083855, 107.56975 ,  84.762634,
        99.458336,  90.12616 , 104.387856, 100.10706 ,  99.37012 ,
        92.98143 ,  93.26247 ,  92.91124 ,  72.09436 ,  93.8762  ,
        95.88304 ,  98.29589 ,  85.39197 ,  73.59502 , 108.40102 ,
       103.38099 ,  69.79317 ,  80.56003 ,  98.37681 , 125.19168 ,
        86.01552 ,  97.166214, 102.42394 ,  88.987976,  95.10365 ,
        93.33911 ,  81.30932 ,  73.946594,  79.38796 ,  84.01433 ,
        83.5518  ,  84.62889 ,  86.05778 ,  97.82761 ,  92.46514 ,
        78.80053 ,  93.24499 , 108.35472 ,  79.31593 ,  86.67134 ,
        87.24365 ,  89.486984,  84.19721 ,  84.18707 ,  88.890625,
        68.648026,  86.36194 ,  91.93605 ,  91.733505,  79.89084 ,
        81.09697 ,  81.78378 ,  72.45909 ,  92.10148 , 100.96856 ,
        97.036835,  89.568344, 105.22909 ,  85.54343 ,  92.81857 ,
       101.95006 ,  80.92186 ,  81.39772 , 104.695015,  97.0117  ,
        79.178276,  74.3526  ,  89.690414,  92.44782 , 100.83594 ,
        88.29399 , 100.10005 ,  83.00354 , 101.72328 ,  84.58962 ,
        93.29227 ,  92.780365,  78.3996  ,  75.67869 ,  89.212776,
       104.34854 , 103.84    , 105.70238 ,  94.54129 ,  81.47332 ,
        74.197754,  99.27396 ,  97.25308 ,  89.245094,  88.09932 ,
        80.12744 , 104.19226 ,  77.972046, 112.31125 ,  82.41565 ,
       108.48069 , 107.01736 ,  84.62221 ,  76.30415 ,  82.03889 ,
        95.33525 ,  79.2497  ,  92.251175,  81.55391 ,  82.93496 ,
       101.05055 , 105.99685 ,  83.249374,  86.86459 ,  62.020084,
        90.16446 ,  73.94478 , 113.002396, 107.27905 , 102.81862 ,
        85.105255, 114.32667 ,  93.10294 ,  92.76282 ,  85.09447 ,
        72.21571 , 105.84511 ,  83.868546, 104.55824 ,  92.53884 ,
       107.65478 ,  92.65207 ,  80.61146 ,  96.40233 ,  91.28018 ,
        76.86647 ,  87.105484,  91.42488 , 106.94551 ,  84.49619 ,
        91.79007 ,  87.10336 , 113.97647 , 119.61447 ,  90.76747 ,
        91.860535,  74.86371 ,  81.10146 ,  90.720535,  84.87857 ,
       103.67337 ,  86.67934 ,  86.63853 , 102.28888 , 110.22711 ,
        98.26427 ,  69.44736 , 121.0597  ,  96.55975 ,  73.78637 ,
        87.777176, 112.16081 ,  97.966354,  92.748856, 100.198006,
        96.83869 , 103.30853 ,  68.510574,  84.98039 , 107.83098 ,
        77.88891 ,  94.588486, 105.28522 , 100.771515,  97.303604,
        95.22675 ,  76.75681 ,  93.187256,  81.815544, 102.92972 ,
        87.24928 , 101.6656  ,  96.32596 ,  88.82823 ,  87.48401 ,
        99.157875,  95.20215 ,  76.94584 ,  95.8275  , 100.48854 ,
        97.531494,  96.86017 , 100.249695,  86.62543 ,  99.73448 ,
       116.297745,  94.95653 ,  87.72426 ,  92.44306 ,  90.54028 ,
        98.63965 ,  89.1488  ,  98.04832 ,  98.58556 ,  79.90867 ,
        88.32027 ,  86.11623 ,  94.221855,  94.239136, 104.54239 ,
       104.50781 ,  98.44424 ,  80.45746 ,  92.153824, 102.98224 ,
        71.670334, 115.60423 ,  85.13309 ,  93.37329 , 104.47398 ,
        93.06789 ,  86.140755,  83.420586, 111.27876 ,  86.230606,
        76.38762 ,  85.507256,  88.31343 , 108.01963 , 107.25094 ],
      dtype=float32), array([ 91.12918 ,  69.793175,  95.89322 ,  84.65448 ,  99.57941 ,
        97.3965  ,  99.11339 ,  86.42206 ,  79.61966 ,  86.24587 ,
        80.6669  ,  99.91588 ,  95.18183 ,  87.91945 , 101.70247 ,
       102.49277 ,  74.356476, 100.29898 , 110.39139 ,  98.27196 ,
        72.28395 ,  91.78032 ,  99.738884,  63.783928,  78.12119 ,
        82.324554,  86.15016 ,  89.51664 ,  90.70466 ,  79.91852 ,
        95.206665,  77.20677 ,  90.73767 , 108.79296 ,  93.5666  ,
        87.21945 , 101.35595 ,  77.860306, 104.2697  ,  93.02012 ,
        92.00464 ,  77.55032 , 119.55916 ,  83.71923 ,  75.6481  ,
        82.88269 ,  88.0636  ,  79.256775,  81.97366 ,  75.87465 ,
        90.185905, 125.96863 ,  94.79961 , 103.685455, 104.140686,
       101.67323 ,  86.03771 , 106.56604 ,  78.601425,  93.49869 ,
        82.95349 , 100.90721 ,  99.044846, 109.72041 ,  79.42305 ,
        64.22677 ,  88.24818 ,  80.3259  ,  79.91558 ,  96.513275,
        78.200516,  79.53787 , 101.00119 ,  85.7677  , 106.36743 ,
        92.19386 ,  72.67761 ,  87.41113 ,  81.84784 ,  98.667725,
        90.11441 , 111.909836,  87.84201 ,  97.324554,  92.18706 ,
       106.16162 ,  82.49492 ,  89.248314,  90.48844 ,  85.385994,
        83.44295 ,  88.16597 ,  86.1001  ,  78.49157 , 103.958786,
        82.1998  ,  96.492004,  99.02447 ,  76.77792 ,  75.829254,
       114.46024 ,  85.5771  , 106.85872 ,  82.58698 ,  85.03815 ,
        90.37459 ,  97.80269 ,  99.120605,  97.37956 ,  94.64111 ,
        82.88956 ,  97.5336  ,  81.665695,  48.733223,  92.57439 ,
        67.09392 , 101.22455 ,  88.40506 ,  85.70108 ,  87.24239 ,
        86.46248 , 115.88332 ,  71.37718 ,  92.54384 ,  77.387634,
        77.96981 ,  92.363045, 104.43788 ,  88.330246,  64.73015 ,
        72.89076 ,  92.12341 ,  85.30838 , 106.033264,  89.68863 ,
       107.37401 ,  89.63374 ,  69.30382 ,  84.61034 , 102.6113  ,
        96.7551  , 105.62612 ,  88.36191 ,  90.39508 ,  93.02012 ,
       105.29085 ,  98.3663  ,  81.74432 ,  97.718025,  99.738884,
       110.00741 ,  86.888756,  90.71801 ,  91.90065 ,  89.652145,
        94.35157 ,  75.386246,  85.645424,  81.992035,  93.91193 ,
       100.81622 ,  83.41478 ,  83.06446 , 107.520775,  94.654686,
        93.19024 , 106.984344,  85.81517 ,  89.013016,  78.11514 ,
        97.74904 , 116.64    ,  94.37309 ,  89.742256,  93.44266 ,
        88.15369 ,  68.49597 ,  94.76324 ,  98.46333 , 100.068375,
       112.714294,  95.66954 ,  83.87163 , 102.23734 , 106.41908 ,
        78.12776 ,  83.95275 ,  87.95123 ,  90.07248 ,  99.32226 ,
        87.0818  ,  90.74226 ,  86.437515,  78.37045 ,  89.84066 ,
        78.56112 ,  86.07715 , 102.40439 ,  86.788956,  75.571815,
        83.20703 ,  92.505905,  99.62527 ,  73.91003 , 104.38253 ,
        75.236916,  88.84869 ,  91.54588 ,  78.626724,  87.38023 ,
        99.35598 ,  93.53433 ,  90.52119 ,  97.57346 ,  96.000916,
        80.35577 , 102.14436 ,  84.186714, 103.61248 ,  85.777794,
        93.38456 , 105.239746,  89.766495,  74.119484, 108.36574 ,
        84.34503 ,  84.8728  ,  94.53988 , 116.6931  ,  89.30101 ,
        91.377205,  74.26369 ,  95.33851 ,  88.35988 ,  98.39681 ,
       128.91751 , 106.82129 , 109.03537 ,  84.23779 ,  94.17523 ,
        97.85252 ,  94.90712 , 104.80176 ,  80.78664 ,  83.25423 ,
       113.12664 ,  75.68315 ,  85.32691 ,  84.718185,  89.605606],
      dtype=float32)]
[array([ 94.047775,  97.550476,  96.60347 ,  97.63263 ,  87.7769  ,
        84.64424 ,  84.40486 ,  70.71651 ,  69.63608 , 109.41096 ,
        92.74737 , 107.447205, 100.95355 ,  87.54162 ,  52.708992,
        88.415054, 102.06192 ,  91.02602 ,  80.023346,  82.285416,
        99.155716, 108.68665 ,  88.08104 ,  81.184296,  95.800446,
       103.05865 , 107.05028 ,  98.693436,  89.29596 ,  74.836426,
        89.03931 ,  90.48213 ,  89.08973 ,  86.4402  ,  88.39171 ,
        98.00873 , 113.628105,  90.025635,  95.68115 ,  67.78689 ,
        79.84779 , 105.25398 ,  85.11871 ,  90.18295 ,  98.187546,
        68.67734 , 101.53043 ,  76.95193 , 117.91663 ,  94.57721 ,
        94.533554,  78.19557 , 104.55983 ,  92.359184,  98.52771 ,
        96.38872 ,  78.89634 ,  80.74997 , 101.36083 ,  86.024506,
        80.98039 ,  96.413345,  87.17267 ,  95.16565 ,  92.90182 ,
        85.27785 ,  74.883514,  89.66748 ,  95.61899 ,  99.88533 ,
        73.30844 ,  99.50641 ,  89.00187 ,  89.43679 ,  81.37229 ,
        86.07103 ,  80.48504 ,  93.344505,  89.4868  , 102.00026 ,
        98.45571 ,  77.72797 ,  81.94414 ,  79.205986,  93.34859 ,
        91.02353 ,  75.91844 , 102.61393 ,  87.678154,  93.26143 ,
        81.678635,  69.00077 , 108.4122  , 115.2378  ,  76.77678 ,
        92.31639 ,  98.61172 ,  95.197495,  98.4981  ,  73.760284,
        77.940216, 104.16464 ,  97.95245 ,  78.39925 ,  89.18977 ,
        95.061516,  77.3878  ,  87.82459 ,  82.075584,  83.17807 ,
        89.687035,  94.71736 ,  95.749466, 105.24983 ,  82.1013  ,
       118.02407 ,  87.06087 ,  90.135605,  66.35132 , 109.3765  ,
        83.523346, 107.13722 ,  89.44322 ,  62.221455,  76.39462 ,
        69.263855, 105.277725, 121.8414  , 100.01645 ,  79.22978 ,
        97.05934 ,  79.589264,  86.01801 ,  80.925995, 125.47995 ,
       113.39062 ,  89.23008 ,  52.047726,  79.93106 , 102.20442 ,
        92.243744,  86.82692 , 116.525635,  78.415955,  94.6956  ,
       105.919235,  73.26541 ,  78.07008 ,  95.212326,  89.959236,
        80.53745 , 100.519745,  70.57309 , 106.08254 ,  76.75029 ,
        97.34604 ,  91.59079 ,  85.26935 , 104.25517 ,  93.07085 ,
        75.59526 ,  92.130005,  85.90184 ,  93.01727 ,  89.7683  ,
        78.56184 ,  84.67552 ,  80.113785,  90.38179 , 101.210754,
        86.82042 ,  96.63728 ,  81.11876 ,  85.82416 ,  93.0695  ,
        86.21931 ,  97.29981 ,  96.2676  , 107.03727 ,  95.4616  ,
        73.41402 , 116.00998 ,  98.495155,  96.236984,  98.75075 ,
        93.492676,  96.62007 ,  94.39566 , 100.18198 ,  80.16669 ,
        84.836334,  88.20911 ,  76.01738 ,  85.954605,  93.31382 ,
        95.979576,  87.87981 ,  85.63903 ,  99.069824,  91.87058 ,
        77.2637  ,  69.80231 , 109.38695 ,  88.42019 , 105.51163 ,
        90.13133 ,  76.54802 , 103.94881 ,  91.60367 ,  96.01624 ,
        87.5905  ,  92.39928 ,  77.22668 ,  97.7231  ,  83.62374 ,
       114.55794 ,  88.89246 ,  85.96205 , 137.53154 ,  88.83035 ,
        95.04437 ,  94.96167 ,  70.704544,  87.18005 ,  81.422585,
       101.17851 ,  98.455765,  85.89084 ,  96.5346  ,  68.78449 ,
        84.12648 ,  87.068726,  95.16235 , 102.34737 ,  87.57485 ,
        76.329285,  90.89675 ,  95.472595,  91.11433 ,  82.99818 ,
        90.577965,  83.838425,  69.06148 , 105.50459 ,  65.32258 ,
        85.40646 ,  64.29791 , 120.737946,  88.91318 ,  83.92291 ],
      dtype=float32), array([ 75.53965 ,  82.82454 ,  91.576584, 111.83    ,  95.11496 ,
        73.753494,  75.159325,  89.774796, 102.864136, 104.92592 ,
       112.53591 , 104.809235,  99.24596 , 103.28982 ,  96.845566,
       105.08014 ,  81.914734, 102.10741 ,  81.56121 ,  79.891754,
        77.67563 ,  94.07827 ,  67.22896 ,  86.38762 ,  87.169716,
       103.71222 ,  93.84787 ,  61.204742,  96.42586 ,  96.01617 ,
        97.42453 ,  80.14694 ,  83.68002 ,  88.895744,  83.34209 ,
       101.99251 ,  93.002716,  95.566795,  90.8938  ,  91.53197 ,
        94.33728 , 104.63168 , 104.33235 ,  77.09824 ,  97.679   ,
        71.8893  ,  68.15001 , 107.17102 ,  78.698685,  94.7835  ,
        78.94738 ,  79.02386 ,  91.40201 ,  98.835815, 103.387405,
        81.52692 ,  91.24129 ,  98.242226,  81.07623 ,  72.74722 ,
        98.718376,  98.29802 ,  88.73149 ,  98.74186 ,  85.49466 ,
        88.995636,  97.24766 ,  80.91394 ,  82.93652 ,  90.125786,
       102.75458 ,  98.97476 ,  75.502426, 107.06888 ,  69.44881 ,
       104.18765 ,  50.69655 ,  89.34257 ,  98.00832 ,  69.38153 ,
        73.43665 ,  66.38185 ,  65.32313 ,  72.415016,  75.84233 ,
        93.0173  ,  69.489136,  86.04482 ,  91.04587 ,  96.18708 ,
        81.12894 ,  80.42482 , 106.14845 , 110.82619 ,  83.5688  ,
        82.54895 ,  66.61961 ,  91.13698 ,  79.34737 ,  79.126175,
        85.064384,  90.45877 , 108.47079 ,  85.391174, 103.27467 ,
        99.00495 ,  88.71377 , 105.18025 ,  84.38583 ,  88.35364 ,
       112.966995,  99.044235,  94.07608 , 105.58998 ,  72.495834,
        97.13809 ,  80.41983 ,  98.26857 ,  76.368546,  92.46513 ,
        88.30785 ,  93.31821 ,  70.32416 , 109.57921 ,  81.42131 ,
        90.86659 ,  98.34459 ,  80.750885,  69.987076, 100.62462 ,
        66.56732 , 103.671555,  77.089554,  83.815445, 105.85234 ,
        80.9954  ,  96.317276,  99.154785,  82.851715,  86.33212 ,
        80.3311  ,  94.90992 ,  65.05557 , 101.8949  ,  69.2965  ,
        99.801025,  74.08011 ,  74.28331 ,  67.42305 ,  80.926346,
        87.46337 ,  99.42912 , 106.61125 ,  92.47051 ,  88.55597 ,
        96.64671 ,  70.70836 ,  91.7395  , 113.76125 ,  91.7668  ,
        82.71614 ,  84.28218 ,  91.86707 , 110.59932 ,  72.18147 ,
       111.38255 ,  96.68862 ,  77.37451 , 103.29537 ,  75.823555,
        80.38514 , 104.572845,  83.841125, 121.60478 ,  83.835106,
        80.292175,  95.70125 ,  94.5745  ,  84.90314 ,  96.19091 ,
        59.415096,  72.518234,  90.05299 ,  86.785614,  86.62073 ,
        77.13872 ,  93.895996,  96.137825,  86.04976 , 101.51369 ,
        72.74467 ,  87.86548 ,  96.5808  ,  92.32847 , 102.701126,
        84.66852 ,  86.82445 ,  86.73814 ,  77.98396 ,  75.238785,
        88.18288 ,  78.46466 ,  68.758575,  82.81058 ,  79.05841 ,
        89.03186 , 108.31486 ,  64.87759 ,  75.44773 ,  92.37144 ,
        80.71387 ,  90.26344 , 107.581436,  81.965706,  90.62239 ,
        90.38112 ,  96.53159 , 101.55588 , 108.945175,  99.604805,
        96.18793 ,  78.860275,  99.818665,  96.25003 , 101.93757 ,
        91.91557 ,  79.17397 ,  84.643005, 107.896416,  93.88441 ,
       114.460236,  94.28638 ,  95.54839 ,  84.009735,  93.451294,
        55.82042 ,  84.78383 ,  99.64854 ,  83.131485,  72.67259 ,
        89.329735, 111.23559 ,  77.69063 ,  83.25563 ,  82.69656 ,
        93.12385 ,  77.57106 ,  59.896507,  83.151054,  94.85587 ],
      dtype=float32), array([ 86.053444,  93.51397 ,  74.05447 ,  77.35372 ,  83.81554 ,
        91.280914, 102.82624 ,  86.365616,  94.32192 ,  81.19297 ,
        96.05374 ,  85.70393 ,  83.63635 ,  74.96829 ,  92.99816 ,
        88.669464, 111.40466 , 102.89186 ,  92.55084 , 100.790726,
        98.8566  ,  97.50487 ,  80.322266,  94.20683 , 105.60984 ,
        93.65384 ,  85.41154 ,  75.94292 , 116.3403  ,  86.46753 ,
       104.08804 ,  89.4221  ,  85.21554 ,  78.4957  ,  76.236305,
        72.19652 ,  85.112144,  84.706535, 110.995514, 103.99701 ,
        93.314186,  90.9018  ,  84.60164 ,  83.6481  ,  93.06483 ,
        72.79698 ,  74.48093 , 108.877174,  93.49698 ,  82.08397 ,
        95.348   ,  82.39067 ,  95.54141 ,  91.870804,  89.61399 ,
        95.98016 , 116.054474,  98.268585,  81.44447 ,  95.89076 ,
        97.85611 ,  85.48219 ,  88.561455, 105.606705, 101.34455 ,
        93.270935,  95.27591 ,  74.12314 ,  73.92088 ,  84.75099 ,
        77.08673 ,  96.51944 ,  89.80207 , 101.43863 ,  83.29892 ,
       113.56564 ,  87.04817 ,  89.474655,  98.36226 ,  80.466156,
        84.67481 , 100.24478 ,  78.2301  , 124.36667 ,  96.489395,
        83.62384 ,  84.77519 ,  66.56726 ,  90.56192 ,  95.40015 ,
        84.78232 , 108.986595,  94.325554,  71.89537 , 102.75896 ,
       104.16423 ,  83.93242 ,  96.147964,  99.45877 ,  88.82453 ,
        88.461525,  87.98943 , 121.91247 ,  80.113525, 116.84092 ,
       101.57425 ,  85.92006 ,  74.47063 , 111.128586,  95.58093 ,
       102.75342 ,  84.42374 ,  67.72396 , 108.93471 ,  94.290344,
        88.769264,  88.72806 ,  79.107025,  77.47444 , 103.46098 ,
        89.39067 ,  80.30772 ,  84.03481 ,  90.91086 , 118.84589 ,
        93.842186,  79.13571 ,  89.02435 ,  77.56723 ,  84.87811 ,
       104.02666 ,  88.47133 ,  97.25162 ,  88.85434 , 105.88105 ,
        98.50484 ,  94.8259  ,  86.777176,  73.93809 ,  78.67104 ,
       117.54391 , 103.24544 ,  92.523224,  90.97394 ,  86.738846,
        73.00378 ,  78.79869 ,  69.401436,  89.83719 , 107.80176 ,
        98.54419 , 102.08893 , 106.52577 , 101.81995 ,  87.34071 ,
        94.3918  ,  79.07381 ,  91.661896,  93.290855,  72.22958 ,
        81.79674 ,  82.05766 ,  84.80866 ,  99.33869 ,  78.687775,
        91.16892 ,  61.146957, 111.61949 , 101.49175 , 105.63631 ,
        87.538025,  84.695915,  71.48271 ,  76.14133 , 102.18688 ,
        87.88034 ,  77.16759 ,  76.855225,  84.200096,  88.20623 ,
        88.92403 ,  83.473595,  85.554085,  81.0797  ,  91.849014,
        94.39114 ,  75.106995, 111.31595 ,  93.80772 ,  92.71675 ,
        91.13139 ,  93.3412  ,  83.86285 ,  86.86268 ,  94.88424 ,
       108.72393 ,  92.147705,  92.70633 , 100.01094 , 100.11828 ,
        85.05144 , 100.63461 ,  79.70255 , 101.00784 , 116.71466 ,
        79.91342 ,  73.679794,  75.62741 ,  93.26988 ,  83.6974  ,
        70.09891 ,  89.1673  ,  72.989365,  75.558945,  74.86702 ,
        68.961914,  90.1938  ,  79.354034,  98.46899 ,  88.740875,
        84.44386 ,  98.14743 ,  81.88431 ,  90.792336, 103.204666,
       101.2286  ,  48.24087 ,  69.29642 ,  98.132904, 122.790405,
        99.62956 ,  92.31639 ,  99.81156 ,  89.70375 ,  86.67878 ,
        92.17997 ,  90.29512 , 101.87727 , 101.586685,  78.71413 ,
       106.85832 ,  77.306946,  87.57027 ,  83.70281 , 115.72645 ,
       103.73346 ,  88.2303  ,  91.58722 ,  86.323685,  82.62419 ],
      dtype=float32), array([ 86.68254 ,  91.09851 ,  86.23015 ,  74.579666,  81.8775  ,
       107.08945 ,  99.044235, 112.13254 ,  70.46921 , 106.74362 ,
       102.165985,  81.3978  ,  95.93897 ,  90.62755 ,  86.96511 ,
        94.82631 ,  96.75723 ,  96.681625,  79.47591 ,  96.086426,
        93.25882 , 117.27202 ,  83.046776, 115.34257 , 108.177765,
       100.36693 ,  79.48238 ,  78.90398 ,  71.59044 , 104.77563 ,
       113.48584 ,  91.41586 ,  73.4286  ,  75.30332 ,  80.11168 ,
        82.05934 , 107.499435,  92.4491  ,  74.85681 ,  85.48274 ,
       106.41202 ,  97.77441 ,  94.266975, 104.87909 ,  87.57717 ,
       110.879684,  94.614624,  92.13459 ,  85.004395, 117.24075 ,
        80.91549 ,  82.94194 ,  76.1266  ,  92.5618  , 105.37761 ,
        86.526474, 114.39871 ,  71.703384,  81.314026, 114.336105,
       102.1367  ,  83.97089 , 103.51932 ,  89.02365 ,  83.32745 ,
        87.522354,  78.61072 ,  88.6324  ,  93.54583 ,  79.394485,
        73.50734 ,  95.96106 ,  96.17882 ,  84.16089 ,  98.57066 ,
        86.81954 , 110.3949  ,  73.75542 , 101.08914 ,  87.714874,
        77.38266 ,  95.250565,  85.9837  ,  80.68222 , 110.41842 ,
        89.58844 , 107.01062 ,  88.73776 ,  54.27425 ,  81.13222 ,
        89.56265 ,  83.585236, 104.16419 , 104.82893 ,  69.92816 ,
        89.490005,  78.63942 ,  93.957   , 103.910965,  68.78449 ,
        84.41307 ,  68.76555 ,  92.91335 , 104.01148 ,  83.36815 ,
        99.97351 ,  93.15822 ,  90.58748 ,  77.785034,  86.74685 ,
       103.60377 ,  75.29491 ,  90.08573 ,  63.372948, 100.128494,
        89.06213 ,  74.910675, 102.02455 ,  91.923004,  60.97293 ,
        79.47591 ,  77.593   ,  89.02116 ,  90.55815 ,  78.62637 ,
        88.089134, 112.29868 , 102.95775 ,  90.263306,  90.247086,
        93.847824,  95.74066 , 103.041145, 116.69447 ,  69.19088 ,
        90.69274 ,  84.24899 , 103.09653 ,  92.59337 ,  70.601364,
        91.04031 ,  82.938095,  86.00227 ,  94.98302 ,  88.052635,
        87.54225 ,  91.41431 ,  81.024155,  65.108   ,  78.23852 ,
        77.26709 ,  92.776794,  79.09285 ,  85.39763 , 113.31445 ,
        74.64245 ,  88.707016, 101.0425  ,  92.770386,  84.58725 ,
        85.878   ,  94.93403 ,  96.32593 ,  93.70506 ,  64.438995,
        80.20991 , 109.0912  ,  94.79265 ,  86.43359 ,  95.74945 ,
       100.61331 ,  92.619995,  98.17355 , 100.495636,  68.389984,
        87.135056,  95.32707 , 100.34323 ,  91.246445,  82.22293 ,
        85.09928 ,  79.71434 , 102.04651 ,  93.5417  ,  85.94583 ,
        91.3481  , 102.83031 , 107.56444 ,  86.96308 ,  92.04034 ,
        99.683174,  93.57849 ,  79.40196 ,  77.6358  , 100.78508 ,
       105.77521 ,  96.65555 ,  82.98277 , 101.35569 ,  93.85199 ,
        98.40257 ,  71.068115,  90.30922 ,  76.34741 ,  75.17185 ,
        60.0371  ,  77.70665 , 107.09476 ,  78.15071 ,  70.66458 ,
       106.57061 ,  94.78548 ,  94.67968 ,  96.898506,  91.82901 ,
        80.17769 , 101.50783 , 104.40957 , 129.06184 ,  92.67673 ,
       104.96219 , 104.340195,  78.33177 ,  83.800804,  79.289505,
        75.02022 ,  86.951614,  73.54257 ,  76.589294, 116.53813 ,
        87.84781 ,  96.14735 ,  82.50133 , 107.925415, 112.35014 ,
        79.70878 , 115.65251 ,  69.86378 ,  97.035576, 100.26483 ,
        80.28734 ,  89.99902 ,  76.634995,  80.24154 ,  81.83249 ,
        80.716   , 129.16391 ,  83.64188 , 101.48544 ,  92.67957 ],
      dtype=float32), array([ 88.52455 ,  90.80429 ,  81.46038 ,  73.20981 ,  95.08719 ,
        91.08594 ,  86.84009 ,  82.96739 ,  88.72347 ,  96.72403 ,
       117.27194 , 113.77663 , 103.85504 ,  81.83942 , 106.1788  ,
        80.95277 ,  87.244   , 101.76633 , 100.561874, 104.99886 ,
        81.36177 ,  68.998245,  96.475945,  83.141174,  81.91272 ,
        90.62645 , 112.0204  ,  97.68405 ,  80.444725, 101.45465 ,
       100.84479 ,  68.36484 ,  88.09209 ,  83.46997 ,  87.356415,
        95.93422 ,  83.8999  ,  82.05061 ,  95.45964 , 101.98949 ,
       111.620865,  96.005325,  99.14787 ,  85.37872 ,  93.258804,
        99.02301 , 104.260666,  88.301285,  93.881546, 109.51471 ,
        80.47838 ,  99.48486 , 101.81854 , 125.401985, 102.747055,
        84.46373 ,  77.83775 ,  81.25972 ,  74.79227 , 114.57768 ,
        95.46562 ,  79.9449  ,  70.61742 ,  89.692505,  92.293915,
        94.51461 ,  82.99018 ,  89.63463 ,  85.19534 ,  74.3237  ,
        85.06099 ,  91.19502 , 102.12208 ,  84.08577 ,  83.64271 ,
        63.521935, 142.52222 ,  94.78047 ,  87.81978 , 120.02468 ,
        78.11447 ,  96.44634 ,  90.11516 ,  82.63795 , 100.495575,
       104.77942 ,  87.149536,  93.149376, 104.678444,  93.96137 ,
        94.55297 ,  89.30857 ,  97.69187 , 102.00462 ,  89.01439 ,
        81.93089 ,  94.80513 ,  70.081345,  84.60371 ,  82.29323 ,
        74.66409 ,  87.24846 ,  94.266815,  96.12996 ,  81.44511 ,
        93.38193 ,  72.60124 ,  99.092026, 103.62422 , 102.540436,
        70.40074 ,  82.517044,  80.444626,  87.84488 , 107.76604 ,
        62.67371 ,  82.08371 , 117.25333 ,  86.52782 ,  95.21277 ,
        82.642044,  70.77365 , 100.74515 ,  86.176254,  88.80324 ,
        92.14244 ,  83.29892 ,  92.65498 ,  93.293304,  80.42171 ,
        97.80884 ,  92.045135,  79.50798 ,  84.78247 ,  85.28345 ,
       108.49918 ,  96.71953 ,  85.41524 ,  81.34626 , 110.01222 ,
        75.87668 ,  77.32917 ,  90.30333 ,  96.88663 ,  87.616   ,
       110.51132 , 107.96803 , 116.08485 ,  83.74217 , 100.169235,
        99.725876,  87.16402 ,  77.47781 ,  81.52544 ,  83.88756 ,
        84.77182 ,  79.92406 ,  90.65892 ,  88.393776, 116.69469 ,
        79.88646 ,  95.74052 ,  76.02858 ,  95.460625,  80.484634,
        86.98242 , 102.70941 ,  82.14311 ,  79.47801 ,  83.24794 ,
        67.1959  ,  87.24982 ,  83.64521 ,  81.428894,  86.862686,
        95.00119 ,  64.99498 ,  89.499   ,  78.2682  , 105.62076 ,
        91.7459  ,  77.38781 , 108.56799 ,  93.11069 ,  82.83099 ,
        84.39794 ,  83.40723 ,  90.104965,  98.903786,  91.26668 ,
       111.09825 ,  88.2007  ,  77.59042 , 113.25238 ,  81.24456 ,
        80.115875,  86.326324,  76.47774 ,  81.946625, 104.23859 ,
       108.82622 , 100.43678 ,  89.77487 ,  91.84416 , 101.94932 ,
        84.87272 ,  78.8674  ,  91.00849 , 104.35695 ,  93.33275 ,
        55.728134,  89.90985 ,  84.89093 ,  86.60469 ,  91.35681 ,
        87.53323 ,  94.09178 , 109.50856 , 107.26436 ,  89.13556 ,
       100.78165 ,  73.563835,  97.93014 ,  88.18277 ,  99.89139 ,
        93.129135,  68.6953  ,  89.2614  , 110.83566 ,  95.22223 ,
        97.00837 , 110.69179 , 136.37561 ,  82.72885 , 103.68364 ,
        95.0786  , 129.52759 ,  84.331924,  94.52534 ,  87.11749 ,
        73.461205,  88.10818 ,  95.26869 ,  86.04802 ,  89.08002 ,
        96.756615,  86.29971 , 101.33383 ,  78.47757 ,  83.26355 ],
      dtype=float32)]
