cuts average:64.63689676920573 : 
[array(63.83617, dtype=float32), array(63.874218, dtype=float32), array(64.66196, dtype=float32), array(64.08241, dtype=float32), array(64.80965, dtype=float32)]
[array(64.848404, dtype=float32), array(65.55426, dtype=float32), array(64.77988, dtype=float32), array(63.889977, dtype=float32), array(64.76277, dtype=float32)]
[array(64.41783, dtype=float32), array(64.696594, dtype=float32), array(64.961876, dtype=float32), array(65.127914, dtype=float32), array(65.24954, dtype=float32)]
128-fix average:[90.4002   92.52799  86.674675 93.098564 88.92364  90.78092  89.79003
 86.2083   90.92181  90.6668   89.67088  86.336426 91.18291  92.471565
 86.16867  89.95748  84.15414  91.578545 93.54794  92.12668  90.33261
 87.43523  90.611275 85.56067  91.35505  91.828735 86.92422  91.61552
 91.54493  87.69801  89.74416  92.10708  86.37334  91.15705  89.88858
 84.17411  87.652565 85.98975  84.34622  88.7823   92.59509  85.24418
 81.31051  89.222885 93.29727  92.40708  94.72295  87.0237   89.68864
 89.75247  88.53918  88.18675  88.48767  91.0796   95.66822  96.16405
 96.35837  85.482475 89.67543  92.290794 90.54954  87.16654  89.54397
 94.12507  88.89698  92.64677  89.84885  88.1548   87.52285  88.217415
 88.09017  91.60155  88.96894  87.97672  86.36654  91.38182  92.14088
 86.81993  91.66933  90.04104  94.248634 89.378716 88.09976  93.389786
 94.93523  84.40756  94.69951  87.64546  86.27123  88.15457  93.31472
 91.010666 82.32324  92.14712  92.347084 88.07909  87.32212  92.66008
 93.316734 87.49814  90.48426  94.64483  87.71188  89.338486 98.46376
 92.24291  88.95115  90.8638   94.5192   89.155396 86.08497  88.133255
 95.18827  91.00407  91.4616   90.920845 87.01626  92.46964  88.228485
 96.085396 93.03971  84.20266  91.33923  93.15315  94.066864 93.846344
 87.12651  91.82607  93.32771  93.02897  93.361404 87.863396 88.705475
 83.03904  85.10517  88.0375   90.566246 96.47233  88.63404  91.15276
 93.45445  91.370285 94.28453  90.715065 89.736176 90.28405  93.20232
 86.09227  90.20657  89.4409   94.30256  87.1394   93.29171  95.88149
 90.02111  94.355415 91.88859  86.89236  90.30464  91.15271  88.27866
 90.889854 87.9107   91.80657  82.97266  91.77158  91.91238  89.17298
 91.10114  93.28387  92.04953  91.74448  90.16826  96.119606 88.29148
 90.55432  87.33772  91.963135 92.114845 90.383575 93.63298  88.30815
 92.825836 90.57419  90.26234  96.058876 96.58907  87.98919  87.355354
 89.54245  91.067055 91.396    92.111084 94.07255  90.23085  94.680084
 91.7869   88.810616 84.61591  90.88815  95.26421  90.037094 96.50563
 97.64666  86.571526 92.27473  89.20562  92.33187  95.69836  84.959145
 92.51826  89.95944  91.63419  90.096954 90.65705  89.10349  83.45529
 89.0483   90.396996 95.372345 94.671455 94.46544  93.70608  84.13595
 87.681595 89.58568  94.80495  89.884224 92.526115 92.62169  87.00334
 87.98247  89.595566 95.298584 88.69398  95.16799  90.6175   92.32909
 95.008514 88.62038  89.56473  93.83697  95.29177  87.82544  91.644966
 93.79673  95.39134  92.86316  84.84667  92.10319 ] : 
[array([ 97.02774 ,  88.521225,  86.2979  ,  77.276405, 100.25821 ,
        97.51174 , 101.767395,  76.67378 ,  94.96298 ,  83.58844 ,
        89.311905, 102.55784 ,  90.46218 ,  84.4859  ,  97.69852 ,
        93.74933 ,  63.46624 , 123.754265,  85.65233 ,  88.48073 ,
        95.18498 ,  74.674286, 100.65509 , 109.59367 , 109.01476 ,
        92.38984 , 124.44876 ,  91.626656,  82.35196 ,  81.1589  ,
        88.782974,  89.33437 ,  75.87669 ,  81.41412 ,  93.5267  ,
        74.95415 ,  79.75043 ,  84.18349 ,  89.2121  ,  93.66649 ,
        93.90124 ,  91.70787 ,  78.92887 , 105.50311 ,  96.99962 ,
       122.808365, 100.560555,  92.73242 ,  87.84015 ,  75.96883 ,
       122.2848  , 106.139336, 121.25273 ,  93.50583 , 105.03938 ,
       112.84232 ,  93.16511 ,  77.60461 ,  90.02888 ,  73.84389 ,
        65.15915 ,  73.93445 ,  72.80179 ,  88.0504  ,  75.05994 ,
        91.51884 ,  96.198296,  88.11661 ,  94.27881 ,  65.2962  ,
       110.2507  , 100.96563 ,  95.531815,  79.64661 , 100.726006,
        88.79627 ,  85.05757 ,  81.55159 ,  88.56134 , 102.775696,
        86.94984 ,  92.19149 , 110.00304 ,  80.378174, 101.98968 ,
        69.57125 ,  79.21767 ,  96.02701 ,  80.698784,  95.148895,
        89.78493 ,  90.34012 ,  79.66432 ,  66.511154,  86.41228 ,
       118.04823 ,  88.41606 ,  94.1593  ,  92.337616,  93.531494,
        88.5261  ,  98.23695 ,  82.76906 ,  75.279434,  82.67224 ,
        86.37353 ,  91.51572 ,  84.9756  ,  91.87082 , 104.070786,
        66.66995 ,  87.96109 ,  88.60039 ,  65.14292 , 131.65231 ,
        81.81679 ,  90.43696 ,  58.00505 ,  86.611664, 103.35502 ,
        99.50218 ,  88.61134 ,  97.35992 , 116.71377 ,  97.881004,
       110.154205, 106.251434, 139.56374 ,  93.12886 , 117.530624,
        93.45126 ,  86.17739 ,  94.888855,  88.17897 ,  74.70167 ,
        90.274414,  94.92753 ,  93.95546 ,  88.16419 ,  89.26279 ,
        92.06843 , 101.46709 ,  73.02932 ,  90.69273 ,  97.94646 ,
        63.6306  ,  70.00447 ,  90.37457 ,  93.711685, 111.83519 ,
        93.405876,  83.152596,  88.569046,  98.23163 ,  88.396866,
       104.09422 ,  93.701996,  87.194   ,  99.04779 ,  92.22281 ,
        87.56297 , 128.31575 ,  75.75262 ,  80.63399 ,  92.944984,
        80.51881 ,  99.64402 ,  75.039536,  88.26553 ,  96.7973  ,
        89.08032 ,  88.32557 ,  94.136505,  87.32312 ,  88.2158  ,
        94.39061 ,  87.07231 ,  65.877716,  76.02518 ,  95.245865,
        80.79649 , 118.970116,  85.13414 , 122.11546 ,  89.22468 ,
        91.39514 , 100.674164,  94.87154 ,  65.21414 ,  97.15076 ,
       101.22487 ,  69.67139 ,  81.16982 , 104.910126,  81.03352 ,
       124.96076 ,  84.9418  ,  94.52213 ,  90.03763 ,  84.03943 ,
        85.56266 ,  85.918106,  88.6501  ,  84.731155,  95.62725 ,
        86.99722 ,  93.80365 , 122.569016, 111.86215 ,  88.30431 ,
        83.57765 ,  94.48863 ,  89.43355 ,  99.26294 , 111.04844 ,
        92.81585 ,  89.72504 ,  78.33423 ,  90.73222 ,  90.11723 ,
        86.334854,  91.98411 , 100.68245 ,  60.54579 , 117.78614 ,
       122.11531 , 103.20482 ,  67.15915 , 113.124695,  82.13768 ,
        95.38181 ,  79.996994,  68.0256  ,  90.03519 ,  94.41023 ,
       101.83186 ,  84.72365 , 102.0051  ,  97.441   ,  91.09857 ,
        69.47928 , 104.2746  ,  90.9666  ,  82.300835,  89.31392 ,
        87.1025  , 119.51961 ,  96.35405 ,  71.053635,  76.6129  ],
      dtype=float32), array([ 83.92897 ,  89.45901 ,  90.77658 ,  80.230865,  98.82254 ,
        85.544914,  82.59772 , 102.09906 ,  74.6558  ,  91.497986,
        93.24443 ,  77.72395 , 105.848404,  88.83808 ,  79.76586 ,
        96.49411 ,  88.78288 ,  86.94843 , 113.007515,  73.514435,
        96.24884 ,  97.36956 ,  95.12967 ,  90.1568  ,  97.92121 ,
        99.7111  ,  81.0889  , 109.68558 , 101.43457 ,  79.84646 ,
        86.6413  ,  84.619095,  80.79645 ,  85.504105,  94.30322 ,
        58.352505,  83.521   ,  82.94283 ,  76.12569 ,  84.734055,
        95.97632 ,  91.416794,  82.11653 ,  90.6205  ,  90.37667 ,
        95.34091 ,  99.290146, 103.08082 ,  93.36444 , 126.82735 ,
        90.68768 ,  74.89971 ,  78.54967 ,  96.93478 , 105.19147 ,
        79.84612 ,  83.24867 ,  91.12992 , 104.56273 ,  89.97107 ,
        79.4814  ,  96.44865 ,  88.69188 , 100.189285,  96.33267 ,
        97.53929 ,  86.098145,  89.85748 ,  74.3046  ,  86.20748 ,
       103.118225,  91.08499 ,  86.2898  ,  92.518265,  63.749924,
        93.52329 ,  83.641975,  90.457306,  91.0646  ,  92.030365,
        85.745476,  79.21463 ,  82.60886 , 126.69162 , 105.838554,
        81.62337 , 104.4074  ,  63.706623,  76.22655 , 103.27345 ,
        92.994644,  82.812836,  75.29189 ,  97.485794,  94.9924  ,
        81.31638 ,  93.39113 , 100.61821 , 102.800064,  67.78951 ,
        92.733536,  81.23576 ,  78.907265, 103.38371 , 105.38499 ,
       118.66252 ,  76.98352 ,  86.15875 ,  79.00487 ,  81.95483 ,
        80.33046 ,  55.791588, 114.68295 ,  97.385605,  86.38997 ,
        90.36813 ,  81.83438 ,  78.52786 , 107.99817 ,  93.33286 ,
       107.42477 ,  79.229904,  79.07573 ,  90.66879 ,  81.5568  ,
        81.35631 ,  76.87714 ,  74.87145 , 119.000114,  92.017815,
        95.40082 ,  87.38016 , 103.79018 , 102.384705,  71.46972 ,
        79.27365 , 105.918076, 123.12152 , 105.93545 ,  89.600525,
        85.505905,  82.6202  ,  92.34688 ,  97.76781 ,  96.5644  ,
        80.26559 , 126.17167 ,  89.42847 , 102.0411  ,  88.055664,
       125.317955,  91.91163 ,  94.29608 , 106.53194 ,  91.53711 ,
       126.50266 ,  86.8041  ,  91.179115,  90.85874 ,  80.10826 ,
        99.137405,  84.09866 ,  81.51345 , 120.30622 ,  72.55986 ,
        89.85474 ,  84.66846 ,  93.56557 ,  91.62897 , 107.25037 ,
       116.5499  ,  79.191925, 109.676994, 106.9836  ,  93.97403 ,
        91.10753 , 107.77644 , 102.84807 ,  99.7061  ,  88.35507 ,
        76.60066 , 112.80606 ,  89.97798 ,  86.9666  , 101.71314 ,
        96.99808 , 116.94444 ,  96.81287 ,  82.84397 , 112.09072 ,
       105.494286,  77.969055,  91.79404 ,  92.0726  ,  86.75502 ,
       101.16351 , 135.3536  ,  80.6532  ,  80.817245, 118.59613 ,
        95.7634  ,  87.083206,  79.12629 ,  92.747696, 100.05144 ,
        94.924255,  94.235596,  93.7428  , 128.7718  ,  91.20651 ,
        96.133156,  86.08708 ,  95.569016,  80.31102 ,  89.29682 ,
        87.45845 ,  85.212746,  77.06159 ,  82.31943 ,  89.653114,
        92.95018 , 115.0818  ,  80.37674 ,  87.75412 ,  67.366745,
        77.578896,  89.87004 ,  91.353424,  87.61685 ,  82.71931 ,
       109.50691 ,  92.518265, 103.902   , 102.95818 ,  88.71678 ,
        79.04189 , 101.22174 , 110.1403  , 102.280014,  88.82472 ,
        95.29547 , 100.348   , 117.333534, 104.56305 , 105.21248 ,
        67.71109 , 102.20037 , 117.327934,  81.4144  , 102.59004 ],
      dtype=float32), array([119.58702 , 111.01913 ,  76.98859 , 110.882675, 105.60002 ,
        90.05383 , 101.805756,  80.461334,  83.491516,  85.94005 ,
       106.878426,  87.69125 ,  82.89223 , 111.87778 ,  89.07443 ,
        86.02893 ,  71.49013 , 105.012825,  80.57367 ,  93.426895,
        79.71088 ,  97.42888 ,  93.47426 ,  80.790344, 102.99533 ,
       103.66074 ,  81.144135, 101.59367 ,  74.30092 ,  89.89526 ,
        74.224174,  94.19055 ,  87.581505,  87.61436 ,  98.16339 ,
        97.32243 , 114.20567 , 100.90753 ,  74.931854,  80.1235  ,
        95.65465 ,  77.40242 ,  46.248123,  84.88819 ,  91.81159 ,
        74.39278 ,  82.95784 ,  84.70975 , 110.398346,  74.988014,
        66.344864,  83.50749 ,  81.67298 ,  98.46471 ,  83.539474,
       109.41603 ,  74.10948 ,  86.473595,  95.95358 ,  78.73183 ,
        93.04497 ,  70.88525 ,  85.21918 ,  85.71659 , 121.35162 ,
        82.74715 ,  87.55528 ,  85.72652 ,  87.80892 , 101.22182 ,
        74.51828 , 105.37562 ,  77.90408 ,  84.6051  ,  88.223915,
       108.82474 , 108.109344,  74.8096  ,  92.44621 ,  83.25795 ,
       103.25281 , 103.080765, 125.320564,  91.697845,  73.98149 ,
        92.17718 , 100.66331 , 108.455826,  88.96152 ,  85.90251 ,
        95.9373  ,  81.98857 ,  80.42892 ,  83.16783 , 111.78815 ,
        76.5927  ,  93.23548 ,  93.52869 ,  95.5343  , 121.04933 ,
       111.49643 , 100.53745 ,  98.3737  ,  86.22336 , 111.46173 ,
       104.49997 ,  91.85296 ,  80.570145,  97.68462 ,  73.71672 ,
        76.581024,  85.1705  ,  82.198944,  93.12277 , 103.34651 ,
       100.510765,  89.29791 , 110.66579 ,  81.33498 ,  85.65768 ,
        79.14134 ,  83.360535,  87.40628 ,  88.14569 ,  86.77868 ,
        80.47106 , 101.16263 ,  82.739136,  84.38599 ,  88.9669  ,
        89.068954,  94.52889 ,  89.332466, 106.9775  ,  74.05666 ,
        84.030655,  79.581085,  99.012115,  88.32864 ,  85.13095 ,
        91.548225,  87.57802 ,  78.227036,  96.03326 , 102.55209 ,
        88.30466 ,  91.384705,  85.5772  , 100.28325 ,  82.71425 ,
       110.07142 ,  76.57604 ,  80.219505, 104.72037 , 103.32615 ,
        83.96672 ,  83.69196 ,  90.96489 , 100.40556 ,  94.74799 ,
        93.46776 , 118.514404,  93.64113 ,  92.78302 ,  74.67099 ,
        81.918755,  87.28537 ,  69.80019 ,  85.08188 ,  91.84264 ,
        94.6221  ,  88.39549 ,  94.518166,  90.648865,  74.846405,
        75.410614,  75.418564, 102.94727 ,  81.41364 ,  81.84726 ,
        89.54232 ,  90.95169 ,  84.464874, 126.09356 ,  95.99396 ,
       115.244156,  88.76445 ,  96.59762 ,  92.07767 ,  93.985405,
       104.46892 , 111.43292 ,  82.793144, 100.696396,  94.88478 ,
        86.59494 ,  76.5327  , 101.27682 ,  69.48786 ,  81.27449 ,
       103.823364,  98.019516, 110.18354 ,  84.63825 ,  70.56269 ,
        70.87749 ,  88.71193 ,  76.01203 , 103.88893 ,  67.747154,
       126.2133  ,  83.11128 ,  98.55948 , 103.98149 ,  55.320774,
        75.73451 ,  96.70518 ,  69.50244 ,  79.693405, 106.22631 ,
       105.8639  ,  69.65082 , 124.38292 ,  98.152756,  82.16205 ,
        94.37451 , 111.226265, 103.14255 ,  69.47713 ,  92.21031 ,
        89.090744,  77.63687 ,  84.462074,  79.17912 , 102.63245 ,
       107.25009 ,  72.36101 ,  79.582756, 108.03731 ,  93.17383 ,
        83.49179 ,  99.64856 ,  68.49394 , 103.28221 ,  94.12993 ,
        83.90029 ,  98.1758  ,  85.934875,  72.240875,  97.154755],
      dtype=float32), array([ 79.877686, 118.20235 ,  95.993   ,  82.00238 , 113.48154 ,
       102.77786 ,  88.17418 ,  76.939835, 102.398415,  81.8519  ,
        85.77959 ,  77.94591 ,  99.55617 ,  79.33803 ,  79.152626,
        72.91777 ,  78.633965,  91.49684 , 105.39784 , 105.06448 ,
        93.135735,  78.1362  ,  76.12738 ,  84.70763 ,  87.29581 ,
       106.99129 ,  63.542343,  86.028366, 100.40518 ,  75.62157 ,
        98.64976 , 115.29378 ,  80.32782 ,  84.238846,  83.90715 ,
       104.25334 ,  82.33863 , 113.220055, 100.33214 ,  71.33292 ,
        89.556435,  73.44513 ,  61.013138,  93.65726 ,  84.71047 ,
        92.46494 , 100.76137 , 103.19685 ,  75.45962 ,  80.86168 ,
       101.15273 ,  89.94266 , 107.27742 , 103.082306, 108.8304  ,
       109.593216, 111.0753  ,  77.3523  ,  61.728153,  71.39249 ,
        97.15065 ,  73.84364 , 105.06644 ,  98.00487 ,  78.252335,
        90.55474 ,  84.46654 ,  76.088005,  99.33982 ,  85.88626 ,
        75.84421 ,  89.84689 ,  77.7312  ,  85.47352 ,  97.789566,
        72.83109 ,  84.677795,  87.85147 ,  88.332825,  91.17793 ,
        70.66106 ,  90.85364 ,  75.788055,  91.450424,  97.60379 ,
        84.06929 , 107.93493 , 107.577805,  87.33577 ,  91.754265,
       103.546936,  89.49282 ,  97.21918 ,  83.42523 ,  74.62537 ,
        77.97281 , 102.827126, 104.30348 , 101.25273 ,  75.65028 ,
       103.760056,  99.486755, 115.60448 , 109.97859 ,  83.614685,
        95.07127 ,  67.46804 , 119.026146,  94.62356 ,  73.553375,
       117.82245 , 103.00487 , 101.654396,  98.027054,  93.724106,
        96.19956 ,  96.776535,  91.26699 , 101.39365 ,  89.100494,
        98.08587 ,  79.402725, 107.55521 , 107.18494 , 100.45409 ,
       101.108574,  83.07419 , 109.76315 ,  81.97812 ,  92.01892 ,
       113.16579 ,  86.79599 ,  82.60466 , 107.37123 ,  90.62732 ,
        84.165405,  87.1393  , 104.28418 ,  82.903915,  79.53561 ,
       100.82103 , 117.8174  ,  95.86534 ,  97.66319 , 101.03789 ,
       105.06436 ,  89.51668 ,  79.48343 ,  82.032   ,  80.434685,
        85.34357 , 115.696045, 103.235245,  88.28714 ,  81.424965,
        84.61409 ,  80.63071 ,  59.542084,  85.16393 , 101.52669 ,
       124.17938 ,  81.78223 ,  87.56987 ,  86.469635,  76.07019 ,
        93.681   , 110.17923 ,  88.09917 ,  91.45321 ,  90.81721 ,
       100.68913 , 102.28563 ,  88.77228 ,  94.51188 ,  74.46536 ,
        76.353   , 104.75975 ,  93.06653 , 123.5809  ,  84.84754 ,
       113.706345, 113.327576,  94.90366 ,  77.63766 ,  93.8225  ,
       104.836555, 113.903   ,  82.31253 ,  97.75673 ,  94.63083 ,
        95.28505 , 103.8582  , 110.65788 , 109.25052 ,  67.73692 ,
        99.62564 ,  94.384575,  83.35632 ,  96.28209 ,  71.69456 ,
        74.198425,  91.768875, 112.66182 , 122.3801  ,  63.119667,
       106.90822 ,  95.4176  ,  97.73122 ,  98.270874,  70.75217 ,
       115.70793 ,  94.184784,  85.15665 ,  91.781555,  99.1314  ,
        74.38847 ,  73.85071 ,  82.132355,  90.61337 ,  80.820114,
        79.01156 ,  99.69332 ,  73.78446 ,  85.19249 ,  81.71631 ,
        82.17404 ,  73.84868 , 111.37462 , 121.37788 ,  72.20525 ,
        73.67133 , 103.71808 ,  98.26348 ,  90.82361 ,  93.64864 ,
        91.24133 ,  98.95859 ,  81.23541 ,  80.65405 ,  94.911674,
        89.34593 ,  80.80473 ,  85.84834 ,  86.759674,  75.52231 ,
       105.52505 ,  87.65933 ,  93.880356,  71.806366, 103.70198 ],
      dtype=float32), array([106.75423 ,  86.36093 ,  83.83802 , 117.98755 , 101.07425 ,
       105.80379 , 123.1216  ,  80.732506,  97.1247  ,  75.82091 ,
       113.332   ,  95.78573 , 107.69302 ,  91.43856 ,  75.260506,
        87.85278 ,  63.42568 ,  95.55791 ,  89.068085, 111.15374 ,
        95.2614  ,  79.97572 ,  91.7763  ,  86.26476 , 110.10446 ,
        69.17073 ,  83.94668 ,  98.26459 ,  91.95149 ,  90.21428 ,
        77.875465,  94.3678  ,  88.57652 ,  92.270706,  83.49545 ,
       109.675186, 130.68617 ,  94.88185 ,  79.99915 , 108.95187 ,
        80.63858 ,  79.6525  ,  76.67367 ,  47.548996,  92.08232 ,
        71.743164,  87.63224 ,  77.60477 ,  72.359856, 119.63664 ,
        93.350876,  84.48939 , 102.087006,  88.174225, 121.11774 ,
        74.953926, 106.34204 ,  86.30893 ,  92.46501 , 125.65953 ,
       103.14964 ,  98.83662 ,  99.69085 , 120.58482 ,  75.45175 ,
        72.94288 ,  80.31117 ,  92.20258 ,  67.24994 ,  96.478645,
        93.267   ,  92.60293 ,  77.26042 , 100.33429 , 102.449234,
        84.80386 ,  98.780106,  88.821144, 118.51467 ,  78.150826,
        77.24382 , 108.11754 ,  75.88751 ,  83.34157 ,  95.23523 ,
        77.09303 ,  98.26733 ,  98.56749 , 106.00244 ,  85.38699 ,
       102.7778  ,  76.33336 ,  74.625145, 123.881294, 109.06465 ,
        85.20372 ,  93.20325 ,  88.62503 ,  86.61484 , 102.395035,
        75.88539 , 119.45006 ,  90.88997 ,  90.93327 ,  94.52165 ,
        81.52454 ,  85.937256,  89.63335 ,  93.306   , 107.42447 ,
        73.83336 , 105.21774 , 118.59589 ,  92.78978 ,  82.86629 ,
        95.32336 ,  98.37561 , 116.02387 ,  93.57639 ,  94.887146,
       111.05665 ,  84.982056,  89.10788 , 103.77313 ,  95.88121 ,
        77.02663 ,  89.418594,  84.60864 ,  55.320774,  65.68858 ,
       101.08174 ,  97.131836,  80.8817  ,  70.61438 ,  76.43402 ,
        85.58679 , 102.35397 ,  87.991394,  89.415665,  91.737946,
       111.04967 ,  85.75757 ,  95.14757 , 109.60013 ,  96.09971 ,
        95.84594 ,  91.50591 ,  80.2973  ,  87.54485 , 108.57121 ,
        90.040344,  63.926765,  89.63809 ,  71.536194,  91.64176 ,
        89.051865,  83.88437 ,  84.08715 ,  87.194016,  95.89511 ,
        88.089935,  66.784454,  89.9422  , 103.040146,  75.971405,
        95.55704 ,  99.97682 ,  97.61368 ,  93.88893 , 116.918365,
       103.89792 , 108.55632 ,  75.12872 , 114.07745 ,  87.01267 ,
       106.97301 ,  98.99466 ,  84.550156,  79.73915 ,  88.40611 ,
        87.77956 ,  89.9878  ,  96.14331 ,  85.10846 ,  72.97876 ,
       113.62273 ,  91.52049 ,  76.88406 ,  83.88875 ,  79.313126,
        92.26206 ,  85.6365  ,  97.67524 ,  98.56959 ,  89.98563 ,
       104.75893 ,  76.81108 ,  88.41711 ,  83.989265,  95.54316 ,
       120.83423 ,  84.80386 , 100.70135 ,  90.54168 ,  80.69464 ,
        66.14899 ,  87.34834 ,  70.61862 ,  99.50169 , 110.99862 ,
        98.48132 , 103.59166 , 101.38463 ,  92.02342 ,  81.944534,
        82.727936,  83.256065,  76.3604  , 104.0542  , 110.04329 ,
        84.28972 , 101.07225 , 118.75926 ,  90.07655 ,  78.601746,
       104.28662 ,  99.82663 ,  99.2564  ,  88.44271 , 124.17935 ,
        85.71708 ,  79.55742 ,  78.172646,  90.02489 ,  85.41795 ,
        99.300476,  81.05438 , 104.38024 ,  97.837524,  90.986145,
       124.87484 , 103.004585,  67.991776,  77.726234,  98.62588 ,
        87.388695,  89.69794 ,  91.587036,  61.313496, 106.62988 ],
      dtype=float32)]
[array([ 86.766235,  80.22295 ,  88.75899 ,  95.25577 ,  75.23175 ,
        79.55422 ,  75.82564 ,  89.211266,  75.75874 ,  92.198425,
        69.72691 ,  82.6012  ,  78.9298  , 106.24046 ,  82.26158 ,
        81.583405,  79.5856  ,  83.76663 ,  64.49512 ,  78.952576,
        98.49104 ,  97.63022 ,  97.55435 ,  69.17325 ,  81.46025 ,
        74.20924 ,  77.39357 ,  96.36479 , 111.7679  ,  86.13296 ,
        97.3759  ,  73.08408 ,  71.668755,  89.20039 ,  81.56583 ,
        78.869385,  97.64993 ,  85.94025 ,  70.291466, 107.28032 ,
        88.517654,  96.12492 ,  88.042496,  80.899956, 109.23391 ,
        99.694214,  99.13564 ,  92.066345,  98.61972 ,  87.33881 ,
        75.49507 ,  82.979034,  81.72418 ,  85.10884 ,  86.45033 ,
        94.867096, 102.319565,  90.65427 , 115.371574,  82.97669 ,
       101.448326,  92.45431 ,  84.478096,  95.58469 ,  66.34912 ,
        90.43019 ,  85.24087 ,  87.3777  ,  83.985794,  92.39327 ,
        89.595116,  84.7883  , 102.855576,  79.6163  ,  98.45969 ,
        97.65511 ,  87.99791 ,  74.63284 ,  98.47087 ,  76.92917 ,
        88.5519  ,  91.58993 ,  85.2724  ,  92.48512 , 123.94705 ,
        80.27696 ,  90.01189 ,  90.42496 ,  64.03317 , 101.676796,
       102.37568 ,  85.21756 ,  67.77789 ,  93.75881 , 103.40884 ,
       105.10342 ,  70.35083 , 116.75307 ,  80.962845,  67.75009 ,
        77.68953 ,  83.15231 , 107.491486,  86.44577 ,  84.124695,
       100.3336  , 106.58783 ,  82.60613 ,  65.10652 ,  91.687195,
        80.85532 , 102.019516,  82.0759  ,  77.99647 ,  88.929855,
        88.60745 , 100.490845,  92.26393 ,  76.63776 , 115.56256 ,
        88.25769 , 100.91732 ,  96.25699 ,  78.25894 , 111.57947 ,
       112.051926,  74.39848 ,  76.99718 ,  79.87204 ,  85.13543 ,
        95.93472 , 106.90764 ,  70.53421 ,  67.99122 ,  93.45441 ,
        81.57218 ,  87.425064,  80.94983 , 100.028564,  90.38272 ,
        87.22591 ,  79.67108 , 125.19307 ,  69.80883 ,  83.05365 ,
        98.73633 ,  77.59969 ,  64.33949 ,  89.32077 ,  91.04925 ,
        77.42456 ,  75.46785 ,  94.212776, 127.37445 ,  85.00285 ,
        87.989456,  90.99053 ,  98.51312 ,  78.15984 ,  82.15669 ,
        90.079865,  87.95183 ,  88.69046 ,  85.97466 ,  86.60591 ,
        90.58525 , 105.527985,  82.05685 ,  67.89952 ,  88.9495  ,
        70.99173 ,  82.29113 ,  98.99611 , 105.342804,  98.46226 ,
        73.40587 ,  88.29668 ,  95.28169 ,  92.98291 ,  86.87785 ,
        97.32101 ,  58.234123, 101.67758 ,  82.67021 ,  75.67569 ,
        90.40587 , 111.21776 ,  78.88092 ,  86.12309 ,  94.50961 ,
        92.84743 ,  76.16084 , 111.693085,  99.21434 ,  95.93464 ,
        95.048546,  95.685036, 106.51414 ,  77.42723 ,  97.82256 ,
       106.066086,  86.061554, 108.14859 , 117.60031 ,  81.87794 ,
       100.000946,  74.17758 ,  98.45548 ,  73.90378 ,  71.14781 ,
        73.28462 ,  90.06146 , 101.42999 ,  86.80116 ,  99.04554 ,
        90.769966,  91.2191  ,  90.318   ,  74.86501 , 100.84711 ,
        95.86132 , 101.16788 ,  91.13681 ,  89.72458 ,  77.32004 ,
        79.18088 , 100.24794 ,  86.54802 ,  75.178955, 109.679276,
        76.12598 ,  78.60085 ,  78.3784  ,  98.42691 ,  74.65579 ,
        97.606735,  78.22102 ,  86.114265,  94.233734,  98.77467 ,
        82.511   ,  86.27637 ,  91.167244,  95.64114 , 102.18347 ,
        95.44449 ,  89.40167 , 101.52301 ,  79.91315 ,  90.480286],
      dtype=float32), array([ 67.81033 , 107.73061 ,  91.48823 , 102.38742 ,  77.420654,
        88.085   ,  89.320755,  76.06436 , 104.88385 , 100.79426 ,
       104.609116,  71.36157 ,  86.89577 ,  81.59148 ,  89.34166 ,
        94.52843 ,  70.714035,  91.30346 ,  72.839386,  88.815094,
        93.44083 ,  77.92114 ,  65.538826,  85.47419 ,  87.387825,
        89.12538 ,  99.355576, 101.75903 ,  81.48219 ,  92.25569 ,
        93.04088 ,  84.32092 ,  95.57922 ,  99.53763 ,  80.477905,
        64.00688 ,  91.339935,  61.08999 ,  94.17784 ,  81.096664,
        90.12786 ,  74.64169 , 107.64537 ,  90.3398  , 104.668915,
        78.171036,  85.671265,  83.117905,  74.54847 ,  77.540726,
        92.19023 ,  80.017715,  76.95677 ,  89.594025, 103.20714 ,
       125.0436  ,  95.362976,  82.40114 ,  64.1062  , 115.33086 ,
        67.96781 ,  81.94948 ,  85.63335 ,  70.762726,  89.883545,
       100.976814,  90.23734 ,  83.70557 ,  87.38048 ,  84.67932 ,
        75.68714 ,  93.87514 , 110.81216 ,  85.21527 ,  79.745285,
        98.87491 ,  97.28946 ,  83.517006,  89.76958 ,  92.21776 ,
       101.89833 ,  90.39276 ,  76.97765 , 124.307465, 100.95622 ,
        85.35775 ,  93.052505,  68.94602 ,  74.94071 ,  86.66891 ,
        71.018845, 100.05789 ,  77.05902 ,  91.57237 , 115.543655,
        95.78651 ,  84.55499 ,  90.97777 , 100.37522 , 104.00357 ,
       100.611145,  95.00287 , 102.88065 , 100.20947 , 112.864105,
        76.84786 ,  82.14836 ,  87.158554,  95.01297 ,  97.14749 ,
        76.05341 ,  98.48461 ,  96.55325 ,  88.11893 ,  83.08005 ,
        86.90706 ,  68.80768 ,  86.95677 , 100.93378 ,  80.551254,
       114.13559 ,  84.25098 ,  91.356   ,  97.60064 , 122.43823 ,
        83.16228 , 104.04589 ,  96.993484,  88.69923 ,  75.99396 ,
       116.51228 ,  88.848564,  81.73709 ,  74.80211 ,  84.985535,
        82.22951 ,  89.3936  , 117.123695,  90.64506 , 107.892944,
        79.82806 ,  81.83336 ,  69.71147 ,  91.283905,  88.82721 ,
        93.73244 ,  91.250854,  77.98241 ,  69.91034 ,  94.63107 ,
        85.94721 ,  86.25223 ,  75.76287 ,  76.46599 ,  90.13602 ,
        89.386894, 113.90422 ,  81.4639  ,  82.665085,  85.960464,
        68.88891 , 110.14372 ,  91.98239 ,  88.05138 ,  72.430786,
        91.370544,  82.22481 , 102.56961 , 111.30186 ,  83.168335,
       108.74958 ,  80.89002 ,  92.64506 ,  93.4651  ,  87.25195 ,
        86.90526 ,  89.31076 ,  77.89711 ,  92.88472 ,  60.384254,
        73.91284 ,  99.01246 , 116.41355 , 107.161804,  86.53206 ,
        91.87163 ,  88.64636 , 100.85616 , 102.30098 ,  96.62717 ,
        72.87775 ,  97.92706 ,  88.29525 ,  91.925095,  70.77852 ,
        74.3379  ,  96.101456,  86.01482 ,  83.90672 ,  75.97417 ,
        98.71039 ,  83.939285,  87.57682 , 101.82663 ,  85.30724 ,
        83.99026 ,  90.6821  ,  92.6573  ,  90.22698 ,  74.32625 ,
        99.220345,  89.694016, 101.632416,  83.77109 ,  68.91569 ,
        98.10644 ,  80.21898 , 110.77739 ,  86.22621 , 100.168274,
       103.34766 , 104.153076, 107.75996 ,  92.75897 ,  79.40686 ,
        83.23681 , 103.48538 ,  88.5092  ,  79.24726 ,  79.17755 ,
        91.520004,  95.080734,  90.79104 , 110.47955 ,  76.73478 ,
        78.070496,  88.40143 ,  61.68593 , 103.81659 ,  57.213745,
        93.04573 , 108.445526,  84.76662 ,  99.85838 ,  78.984726,
       105.88158 ,  93.46335 , 100.05995 , 130.75226 ,  77.30379 ],
      dtype=float32), array([ 88.54703 , 104.09396 , 101.876335, 111.87149 ,  98.91905 ,
       107.093185,  84.33932 ,  90.502335,  81.886795,  97.95688 ,
        95.778854,  95.7693  ,  72.263374,  84.71553 ,  85.40907 ,
        88.21951 ,  80.96273 ,  88.66527 , 106.98503 ,  90.766914,
        93.477905, 102.66809 ,  81.867195,  99.718094,  85.52148 ,
       134.26688 ,  87.97035 ,  70.33983 ,  95.32741 ,  84.67241 ,
       106.685524, 100.812836,  76.96568 ,  96.76995 ,  98.38498 ,
       108.86395 ,  80.530136,  89.61754 ,  67.83276 ,  99.8451  ,
        79.402695,  83.27166 ,  86.89889 ,  82.24527 ,  64.71919 ,
        93.80118 ,  98.28695 ,  73.17275 ,  75.15386 ,  90.43007 ,
        93.205124,  88.37712 ,  87.06381 ,  90.91999 ,  80.73888 ,
        79.37466 ,  81.344894,  81.72528 , 109.40336 ,  95.86144 ,
       102.182755,  72.77496 ,  85.170944,  98.69698 ,  89.51599 ,
        76.55512 ,  93.92361 ,  81.278946,  86.565025,  85.672714,
        81.78223 ,  83.07745 ,  87.117096,  92.78205 ,  86.184616,
        88.36423 ,  96.30616 , 102.63039 ,  71.737816,  68.9312  ,
        93.41629 ,  84.75069 ,  75.447296,  97.31265 ,  86.70752 ,
        80.46303 ,  86.12596 ,  78.69325 ,  90.119835,  86.25    ,
        68.669876, 117.28732 ,  91.61048 ,  77.918884,  91.43448 ,
        94.728   ,  86.2028  , 104.20656 ,  88.76529 , 103.86102 ,
        93.5413  , 106.712006,  68.519745,  95.163055, 107.575264,
        97.54147 ,  98.69672 ,  99.9861  , 100.38226 ,  95.477234,
       127.56051 ,  80.1126  ,  93.312225,  83.91218 ,  62.833794,
       107.39465 ,  80.92923 , 126.22148 ,  88.64671 ,  88.903824,
        77.28899 ,  81.22829 ,  80.345764,  73.42576 ,  82.194046,
        95.61093 ,  79.89867 ,  93.28877 ,  96.04816 , 100.4186  ,
        76.083725,  94.666885,  83.73801 ,  73.47753 ,  85.96918 ,
        91.92107 ,  88.496   ,  86.21752 ,  80.4415  , 112.28583 ,
       101.47292 ,  89.35576 , 108.01558 , 115.00235 ,  67.69544 ,
        68.56767 , 111.49074 ,  92.96491 ,  83.066864,  79.462166,
        85.71156 ,  76.34183 , 115.66735 , 111.30502 ,  85.017654,
        85.41667 ,  74.800735,  86.89845 , 110.062325, 113.61596 ,
        89.24208 ,  83.624115,  87.1108  , 110.3113  ,  98.621735,
        86.08554 ,  80.285355,  82.33483 , 112.2607  , 119.893036,
        92.65054 ,  93.91354 ,  98.57652 ,  85.02359 ,  86.1503  ,
        82.48416 ,  85.93642 ,  90.80353 , 109.752365,  71.56618 ,
       111.20505 ,  81.94109 , 102.52318 ,  72.46194 ,  93.33605 ,
        94.78286 ,  89.620636,  82.32263 , 100.216774,  67.41387 ,
        99.09598 ,  94.53953 ,  86.73663 ,  94.221886,  94.523575,
        78.2616  ,  93.83684 ,  84.33732 ,  82.67052 , 104.217514,
        86.43965 ,  93.484795,  83.17164 , 107.491776,  83.490524,
        89.75935 ,  91.74165 ,  87.49765 ,  75.405624,  97.05238 ,
        93.21773 ,  82.0049  ,  75.94284 , 102.62623 , 100.12012 ,
        89.93232 ,  91.94632 ,  71.99118 , 108.576225,  96.84011 ,
       100.21727 ,  94.84471 ,  80.45584 ,  91.81671 , 116.74101 ,
       109.3472  ,  89.12372 ,  89.09692 ,  98.12268 ,  80.17825 ,
        94.2424  ,  95.95439 ,  86.62254 ,  85.67697 ,  79.68625 ,
       122.20455 ,  81.501595,  94.254875,  76.02359 ,  92.49919 ,
       104.28795 ,  93.267456, 100.870605,  70.89393 ,  88.4486  ,
        75.328255, 100.13025 ,  82.180084,  75.89133 ,  78.783966],
      dtype=float32), array([ 99.51502 ,  84.0818  , 103.22264 ,  97.189766,  74.15644 ,
        93.56435 ,  96.738144,  95.16606 ,  82.84054 , 104.85141 ,
        81.375824,  83.94655 , 100.45398 ,  91.51117 , 102.822754,
       109.44315 ,  86.63388 ,  67.66603 ,  96.999084,  86.09691 ,
        89.27785 , 101.856674,  90.95204 ,  86.95686 ,  76.574486,
        96.38492 ,  87.09967 ,  76.87763 ,  76.91457 ,  89.47627 ,
       102.89751 ,  90.81035 ,  81.79204 ,  93.04793 ,  98.694466,
        73.77969 ,  90.21085 ,  80.397446,  83.25428 , 103.42995 ,
        78.20193 ,  85.07329 ,  81.25305 ,  92.03525 ,  96.28598 ,
       101.48172 , 109.6866  ,  83.7901  , 119.35037 ,  83.225876,
        71.985855,  87.19429 , 103.1169  ,  82.97882 ,  90.10079 ,
        93.88609 , 102.79481 ,  75.59584 ,  81.133835, 114.75676 ,
        88.00897 ,  94.52577 ,  87.60575 ,  97.6245  ,  77.769775,
        94.38129 ,  90.31123 , 108.44952 ,  98.6917  ,  76.63256 ,
        94.860855, 107.57144 , 102.9332  ,  81.080055,  48.772194,
        93.354614,  84.25194 ,  70.139694,  99.1953  ,  87.96217 ,
        85.2816  ,  72.35325 ,  74.69831 ,  54.013348, 102.2099  ,
        86.55446 ,  95.63234 ,  55.2859  ,  96.37195 , 104.0231  ,
        87.53128 , 109.44497 ,  76.181335, 100.281456, 108.468704,
        79.52374 ,  89.30452 ,  92.66022 , 119.52027 ,  77.92938 ,
        74.15274 ,  86.672134,  58.790375,  51.76991 , 107.55619 ,
        80.9542  ,  74.85327 ,  86.67792 ,  96.05411 ,  78.77002 ,
        90.21008 ,  72.93863 ,  88.71944 ,  99.24301 , 106.668976,
        93.346115, 113.80844 ,  84.7314  ,  79.694885, 105.58027 ,
        91.29079 ,  85.94038 ,  93.44547 ,  93.09248 ,  95.69438 ,
        96.4214  , 102.749855,  84.49025 , 105.61915 , 103.1359  ,
        68.49779 ,  71.56624 ,  95.16791 ,  79.52446 ,  93.25755 ,
        85.15724 ,  84.972595, 110.49478 ,  87.534676,  65.167725,
        86.800026, 101.90956 ,  88.56081 ,  82.2789  ,  94.98038 ,
        98.00492 ,  87.260086, 103.33034 ,  90.44838 ,  75.65056 ,
        86.096146,  90.60067 ,  77.179306, 100.47775 ,  83.70023 ,
       102.367676,  81.508865, 126.33949 ,  84.07803 ,  71.474365,
        78.50377 ,  95.88602 ,  90.867485,  79.4644  ,  72.211075,
        99.386635,  93.764175,  99.9569  ,  99.92775 ,  83.49854 ,
        92.21707 ,  83.72153 ,  82.726074, 109.90373 ,  83.485245,
       114.21311 ,  71.698425,  95.98144 ,  94.07231 ,  95.61915 ,
        94.48357 ,  75.11442 ,  89.38112 ,  73.12986 ,  98.44661 ,
        88.1199  , 100.83229 ,  82.73889 ,  73.20116 ,  71.05797 ,
        83.878555,  92.84703 ,  79.29288 ,  78.8674  , 103.39741 ,
        95.50746 , 102.563736, 109.96332 ,  99.419525,  65.56256 ,
       106.504745, 101.56738 ,  95.34943 ,  82.51744 ,  81.86935 ,
       100.921234,  98.25951 ,  91.29155 ,  84.216095,  90.8577  ,
        92.05296 ,  82.14785 ,  95.99124 ,  91.572105, 102.72113 ,
        83.28162 ,  73.290794, 133.2646  ,  84.66994 ,  81.00957 ,
        75.86455 ,  72.60393 ,  89.062706,  77.41255 ,  82.3499  ,
        87.93901 ,  94.78662 , 113.58295 ,  99.094284,  79.44722 ,
        70.74586 , 118.01633 , 121.69493 , 104.206505,  78.49029 ,
       106.558624, 144.46585 ,  83.160645, 106.83015 ,  85.34102 ,
        77.44998 ,  92.61537 , 120.21669 ,  85.51987 , 103.64041 ,
        99.44528 ,  88.751076,  75.3528  ,  99.80064 ,  72.48021 ],
      dtype=float32), array([ 94.00039 ,  95.93806 ,  85.16817 ,  80.00328 , 108.28047 ,
        91.22365 ,  87.49283 ,  92.010086, 102.381516,  75.67813 ,
        76.46221 ,  90.55672 , 102.0634  ,  92.492615,  90.50528 ,
        88.746056,  95.9444  , 102.28417 , 120.88573 ,  84.1489  ,
        85.98755 ,  98.810356, 110.90807 ,  66.081024,  88.57625 ,
        66.138626,  92.29997 , 100.27574 , 104.13626 ,  78.793846,
        91.17062 ,  82.49936 ,  89.65933 ,  84.448944,  71.42673 ,
        90.64797 ,  84.219925,  83.313774,  96.577484,  81.98653 ,
       105.1527  ,  79.50943 ,  82.15959 , 103.68466 , 100.17006 ,
        92.32602 ,  99.58691 ,  82.11645 ,  89.29184 ,  77.90339 ,
        92.338   ,  71.77939 ,  86.5154  ,  91.33581 ,  86.63382 ,
        81.89813 , 105.8931  ,  94.86945 ,  84.501495,  74.1539  ,
        87.79042 ,  98.80536 ,  95.17851 ,  71.19879 , 105.11304 ,
       107.96715 ,  77.72792 ,  78.39897 ,  86.80395 ,  99.402695,
       105.730156,  81.20334 ,  75.99353 ,  72.72473 ,  82.5112  ,
        76.76523 , 107.18573 ,  90.839096,  82.5545  , 106.42421 ,
        95.8578  ,  78.278595,  75.12001 ,  92.678154,  84.24522 ,
        89.534164,  88.66383 ,  68.82417 , 103.27812 ,  78.60097 ,
        94.78117 ,  87.954254,  91.84337 ,  75.57128 ,  91.51328 ,
        91.3658  ,  68.82417 ,  88.28161 , 105.26787 ,  78.34317 ,
        69.38428 ,  93.217865,  83.452934,  98.0502  ,  80.05315 ,
        79.20642 , 103.00525 , 109.40842 ,  87.41    ,  75.8374  ,
        88.79286 ,  87.22977 ,  86.26756 , 101.316635,  87.25159 ,
        78.29522 ,  72.241425,  94.88643 ,  74.33029 ,  76.547745,
        91.32214 ,  83.11794 ,  94.27522 ,  86.42834 ,  89.87437 ,
        95.174736,  72.990234,  77.19994 , 113.594315, 117.66194 ,
        77.357895,  89.917755,  78.30783 ,  64.13038 ,  64.2211  ,
        85.179855,  80.69931 ,  71.47502 ,  86.44885 , 102.772675,
        77.19964 ,  80.78775 ,  69.25156 , 102.578156, 110.947556,
       116.135574, 125.743   ,  93.04527 , 101.01401 ,  82.6467  ,
        99.27632 ,  70.20102 , 100.692696, 103.897156, 101.98385 ,
       101.71796 ,  99.86973 , 105.947815,  89.23918 ,  80.553444,
        86.144325,  86.80742 ,  88.62308 ,  93.40363 ,  86.960205,
        83.86624 ,  89.46979 , 103.16772 ,  83.140625,  61.592926,
        86.30625 ,  58.381786,  87.22565 ,  95.5705  ,  95.96596 ,
        96.37186 ,  85.96405 ,  85.75787 , 106.21854 , 112.87526 ,
       117.455734,  56.243896,  89.05397 ,  68.265144,  97.9779  ,
        96.505264,  90.29066 ,  83.23002 ,  93.32752 ,  82.40102 ,
        96.38033 ,  85.33147 ,  71.90701 , 103.84363 ,  80.81433 ,
       124.10106 ,  90.840256,  81.70018 ,  88.96362 ,  82.35603 ,
        88.088326,  87.53464 , 103.967415, 123.15567 ,  94.32898 ,
       115.90578 ,  74.466446,  93.63718 ,  93.97159 ,  93.30293 ,
        90.30022 ,  87.79947 ,  87.765175,  65.672905,  89.760864,
        83.4344  ,  99.100235,  91.88983 ,  91.18618 ,  84.30437 ,
       119.64342 , 127.99565 ,  95.16166 ,  74.43444 ,  51.654472,
        75.91714 ,  75.45011 ,  91.362015, 112.10585 , 131.345   ,
        75.77423 ,  80.24922 ,  77.43968 , 110.401794,  86.79381 ,
        61.925423,  74.207184, 106.27289 , 100.0724  ,  82.76288 ,
        78.34636 ,  99.89364 , 102.21007 ,  82.05727 , 101.54993 ,
        99.332375,  84.229454,  92.82501 ,  80.01558 ,  71.84149 ],
      dtype=float32)]
[array([ 93.31029 ,  74.28191 ,  79.432045, 100.063675,  66.63516 ,
        92.438644,  65.04362 ,  80.31166 , 113.30474 , 103.47864 ,
        89.95711 ,  71.05393 ,  80.42384 ,  98.892624,  81.22599 ,
        96.21723 , 103.52614 ,  99.178955,  89.98169 ,  88.3059  ,
        90.310234,  70.6519  ,  97.94247 ,  72.295746,  88.81174 ,
        92.169014,  93.32189 ,  89.92952 , 100.44209 ,  96.35743 ,
        88.96396 , 101.91628 , 102.86807 ,  89.64301 , 108.14517 ,
        70.36638 ,  70.799194,  73.260284,  86.83572 ,  96.12449 ,
        92.6503  ,  95.084915,  86.854805,  80.52383 ,  99.29669 ,
        84.62745 ,  96.2906  ,  94.72537 ,  92.75732 ,  72.02045 ,
       102.45549 , 110.019104,  76.0327  ,  91.93165 ,  93.61095 ,
        87.759735,  79.264114,  75.75908 , 101.70002 ,  94.6526  ,
        94.8864  ,  93.39921 ,  96.2556  ,  95.4942  ,  82.64012 ,
        88.02747 ,  87.59953 ,  88.34036 ,  90.027275,  80.77048 ,
        79.56641 ,  81.50643 , 105.34814 ,  88.236786, 113.08366 ,
       104.31906 ,  86.17432 ,  71.231186,  97.1532  ,  93.27325 ,
       103.45985 ,  77.96893 ,  91.09335 ,  85.95538 ,  82.54657 ,
       103.83979 ,  99.34534 ,  69.83383 ,  99.55384 ,  72.816315,
        63.33412 ,  79.85266 ,  95.70726 ,  80.631256,  88.38642 ,
        71.16617 ,  85.94057 ,  94.418816, 100.649925,  83.47173 ,
       100.54343 ,  98.96652 ,  85.67459 , 105.31962 , 143.4402  ,
       100.62659 ,  92.58191 , 100.07559 ,  88.38367 ,  98.76789 ,
        63.994003, 106.24818 ,  98.5674  , 101.42317 ,  91.39256 ,
        85.89885 , 101.31234 ,  87.32698 ,  87.73773 ,  95.30774 ,
        81.9122  ,  88.19243 ,  95.88287 , 105.85331 ,  91.324615,
        98.16191 ,  83.45729 , 100.33249 ,  91.023445,  93.62355 ,
       102.38069 ,  91.19208 ,  92.18184 ,  64.25462 ,  86.802704,
       100.74559 ,  96.75452 ,  88.15355 , 106.71309 ,  80.004395,
       109.167114, 103.799835, 100.47788 ,  73.665436,  66.86607 ,
       119.10332 ,  87.90137 ,  80.66915 ,  95.50432 ,  87.19209 ,
        77.448364,  83.947235, 100.55536 ,  92.80344 ,  75.06731 ,
        91.61853 , 103.00093 ,  97.33014 ,  94.8593  , 107.40268 ,
        79.29364 ,  85.44533 ,  76.63484 ,  93.32503 ,  95.070984,
        97.61232 ,  76.46115 , 108.59454 ,  99.4867  ,  82.794525,
        83.83256 , 105.525986,  80.04132 , 106.417755,  96.18585 ,
       109.58098 ,  66.28322 ,  91.62214 ,  81.043434,  96.61888 ,
        80.5542  ,  80.144226,  76.42261 ,  88.95959 ,  85.87872 ,
        88.41383 ,  84.24768 ,  83.34515 ,  76.40759 ,  79.682724,
        91.18558 ,  93.270035,  82.11138 , 100.60173 ,  98.77084 ,
        90.135544,  79.1664  ,  89.01102 ,  76.86592 ,  73.260284,
        76.338715,  92.6936  ,  74.74497 ,  95.901886,  80.273506,
        91.49697 ,  99.474655,  91.45956 , 114.823654,  76.98985 ,
        93.848465, 108.816   ,  87.95401 ,  87.281006,  90.512535,
        93.96683 ,  81.31419 , 104.57366 ,  97.24176 , 123.10924 ,
        95.23419 ,  92.627594, 100.55437 ,  93.322296, 107.80136 ,
        88.07181 ,  84.96298 ,  74.98433 ,  87.51165 ,  83.12733 ,
        87.908554,  77.29837 , 110.70315 , 106.80722 ,  96.30657 ,
        95.7554  ,  72.0594  ,  88.42624 ,  97.74186 ,  97.83443 ,
        80.747345,  77.0517  , 106.53262 ,  81.32579 ,  89.97625 ,
        90.53508 ,  93.96445 ,  85.96832 ,  83.36723 , 116.930176],
      dtype=float32), array([ 75.38628 ,  66.59956 ,  88.406715,  94.19466 ,  66.27379 ,
        73.38236 ,  66.524   ,  80.66865 ,  90.98735 ,  98.66617 ,
        91.76666 ,  84.272964,  89.46821 ,  89.04588 ,  90.62818 ,
        80.63131 ,  72.48518 ,  87.63699 , 103.19708 , 115.89861 ,
        89.263245,  73.82134 , 113.33296 ,  94.80856 ,  80.767235,
       102.925   ,  89.630714,  75.208115, 100.27205 ,  96.04355 ,
        74.567924,  79.46973 ,  96.58961 , 107.10881 ,  83.281006,
        69.45023 ,  96.37919 ,  79.556244,  87.15341 ,  67.5325  ,
        85.847305,  86.68181 ,  73.27121 ,  98.39238 ,  81.07347 ,
        84.76385 , 103.69076 ,  75.5539  , 100.64772 , 101.71334 ,
        99.93651 ,  84.37303 , 100.60229 ,  94.141945,  88.8056  ,
        95.88289 ,  86.601204,  91.71034 ,  57.404327,  98.4364  ,
        73.799484,  85.15591 , 109.208755, 104.94856 ,  89.27737 ,
        85.865265, 101.863266,  89.96521 ,  80.56416 ,  85.674675,
        65.944275,  81.31469 ,  73.611145,  75.13017 ,  91.85083 ,
        89.5361  ,  81.19828 ,  75.25185 ,  91.037224,  83.884834,
        88.852234, 103.100815,  92.558334,  97.45887 ,  92.54611 ,
        81.37637 , 133.59471 , 114.47974 ,  82.8761  ,  71.376564,
       112.87667 ,  81.67061 ,  85.90033 , 112.40496 ,  84.71713 ,
        90.96411 ,  73.30906 ,  75.429245,  86.85219 ,  93.902466,
        93.655975,  91.6608  ,  95.555756,  80.42407 , 111.37178 ,
       100.70401 ,  95.407524,  81.56647 , 102.674706,  87.71825 ,
        96.02191 ,  97.14359 ,  97.67985 ,  86.34798 ,  97.99868 ,
        82.08768 ,  82.939026,  88.004456,  92.91156 ,  86.0821  ,
        85.90564 ,  88.023315,  79.73008 ,  74.584   ,  96.412155,
        97.20619 ,  92.081985, 100.00413 , 103.10008 ,  86.52882 ,
        86.90816 ,  68.78495 ,  88.39307 ,  85.55368 ,  99.38246 ,
        71.615265,  89.40236 ,  91.27019 ,  67.51367 , 112.217735,
        96.279655,  73.85611 , 109.586975,  80.065735,  78.58818 ,
        66.99743 ,  94.687485,  79.06526 ,  83.51224 ,  92.18121 ,
       111.358795,  98.10737 ,  81.05882 , 107.20351 ,  93.796936,
       107.07602 ,  93.06835 ,  86.32915 ,  88.80443 ,  88.954094,
        70.69364 ,  72.066895,  98.790245,  83.313934,  92.46207 ,
        89.7312  ,  76.025116,  79.0486  ,  86.91472 ,  86.991745,
        84.863754,  94.702515,  71.45603 ,  91.79413 ,  93.71678 ,
        85.554245,  82.69481 , 106.96861 ,  99.352066,  92.9294  ,
        88.35121 ,  74.83118 , 102.43318 ,  88.202545,  87.61868 ,
        65.82619 ,  99.89112 ,  80.99677 ,  95.39789 ,  94.869705,
        97.92134 ,  79.88576 , 106.623825,  81.43277 ,  90.11276 ,
        74.85149 , 116.91809 ,  76.62277 ,  76.25194 ,  78.16344 ,
       118.89946 ,  86.830536, 126.53023 , 101.06212 ,  99.688965,
        94.55542 ,  89.49408 ,  99.73682 ,  97.307465,  79.955154,
        75.38748 ,  81.17631 ,  87.204956,  75.43376 ,  89.243164,
        82.76221 ,  82.27688 ,  84.36943 ,  81.729195,  99.52396 ,
        80.009674,  87.84544 , 119.23088 ,  81.25073 ,  86.94231 ,
        80.784325, 112.85205 ,  80.74917 ,  92.969284, 100.43949 ,
        87.234116,  65.162964,  82.21738 , 101.36368 ,  77.17526 ,
       106.67708 ,  98.17365 ,  78.27919 ,  86.56174 ,  87.70764 ,
        81.4946  ,  91.26926 , 101.98776 ,  85.83058 ,  79.71507 ,
        98.15286 ,  73.5271  ,  80.98436 , 116.13235 , 102.545654],
      dtype=float32), array([ 85.96922 , 121.309586,  85.765335,  72.066895,  79.16502 ,
        77.941284,  97.85657 ,  81.60394 , 108.22621 ,  91.62714 ,
        95.33741 ,  84.26101 ,  93.910126,  97.13212 ,  90.04494 ,
        72.1391  , 115.327484,  84.56426 ,  85.14035 ,  88.153564,
        70.96164 ,  82.81488 ,  71.43959 ,  92.91147 ,  85.31978 ,
        78.68779 ,  94.61188 ,  80.37433 ,  83.447975,  88.0762  ,
        96.399475,  95.43672 ,  87.412605,  76.16203 ,  95.11903 ,
        90.77485 ,  71.717094,  89.146255,  93.026085,  88.775505,
       118.02147 ,  96.885216,  78.416245, 121.22956 , 117.63461 ,
       112.05139 ,  75.125244,  70.49835 ,  80.21684 ,  78.46936 ,
        65.663506, 106.836   ,  82.64488 , 101.577484,  79.37227 ,
        91.09334 , 115.25644 ,  68.53524 , 108.24156 ,  98.18096 ,
        89.00783 ,  83.06798 ,  95.89133 , 108.13344 , 109.82692 ,
       100.803604,  87.781784, 105.48161 ,  86.9342  , 101.184784,
        93.182434,  85.39394 ,  96.04978 ,  97.49449 ,  96.526276,
        78.93833 ,  80.858505, 112.6965  ,  98.244156, 105.46843 ,
        91.73212 ,  75.8443  , 100.55405 ,  94.637405,  89.821335,
        90.946335,  61.72454 ,  87.52128 ,  76.1759  ,  81.682465,
        98.7936  , 104.27025 ,  78.674255,  92.7361  ,  59.4123  ,
        90.238464,  94.07277 ,  84.23818 ,  86.12161 ,  73.9805  ,
        87.80956 ,  87.481155,  66.6831  ,  67.91534 ,  81.705154,
        99.35206 ,  83.84956 , 102.919365, 122.24193 , 108.5757  ,
       113.770874,  78.83163 ,  89.71007 ,  90.025   ,  78.00873 ,
        95.4125  ,  76.77981 ,  78.89107 ,  75.714645, 104.518776,
        96.90839 ,  74.70028 ,  84.8712  ,  91.48391 ,  82.190765,
       108.00963 ,  95.36494 ,  94.243645,  90.67431 ,  95.508415,
        78.23989 ,  91.65907 , 101.05802 ,  86.36653 ,  85.19947 ,
       105.33762 ,  93.84189 ,  81.37636 ,  89.90565 ,  93.890366,
       102.29216 ,  90.97965 ,  92.98776 ,  69.12709 ,  93.3223  ,
        94.391754,  85.98929 ,  95.97842 ,  78.72499 ,  87.12343 ,
        97.650024, 109.54239 , 108.74114 ,  83.569954,  98.502335,
        75.285416,  84.40523 ,  61.17513 , 108.7466  ,  90.44527 ,
        87.800385,  87.77826 ,  87.83124 ,  88.63605 ,  85.91046 ,
       108.21787 , 115.784035,  85.633865,  86.170456,  79.61004 ,
        92.79141 ,  89.85089 , 100.96531 , 102.34306 ,  78.75493 ,
        81.91844 ,  98.89719 ,  97.09894 ,  81.47928 , 112.60617 ,
       104.63749 ,  86.59752 ,  83.24898 , 111.59341 ,  89.14945 ,
       108.44966 ,  89.92685 ,  87.6087  ,  83.45014 ,  82.047165,
        40.267815, 105.98972 , 115.056755,  97.09981 , 103.8076  ,
       104.735825,  95.65153 ,  68.00548 ,  92.07063 , 100.66989 ,
        78.463165, 109.30602 ,  76.79997 ,  95.392075, 108.12288 ,
        76.62996 , 104.7233  ,  91.62169 ,  67.514336,  74.25325 ,
        75.66207 ,  97.15068 ,  96.77541 , 103.5343  ,  87.093475,
        92.56122 ,  73.260284,  89.24814 ,  89.713135,  85.910675,
       114.263885, 103.97457 ,  79.03751 ,  73.00502 , 107.46655 ,
        86.92825 , 103.98723 ,  82.076035,  85.5224  , 110.24984 ,
        88.62703 , 107.07872 ,  84.38463 ,  93.48626 , 120.435684,
        90.34102 , 100.48999 , 124.84831 , 100.8283  ,  79.3425  ,
        89.58775 ,  85.9393  ,  98.80028 ,  77.97087 , 103.46195 ,
        86.80505 , 124.85996 ,  87.06141 ,  59.651955, 102.84157 ],
      dtype=float32), array([ 84.05676 ,  79.556496,  63.105255,  81.333725,  83.45827 ,
       108.58618 ,  99.61768 ,  94.762115,  87.895676,  87.814606,
        77.646454,  92.38901 ,  94.113045,  97.33516 ,  69.494644,
        89.24815 , 103.7999  ,  78.665344,  99.31645 ,  99.39757 ,
        89.11107 ,  97.05501 ,  88.26068 ,  80.918755, 100.055824,
        92.61754 ,  58.343876, 117.84959 ,  72.717705,  90.48801 ,
        78.0599  ,  89.366135,  85.5594  ,  95.285904,  96.216225,
        87.46839 ,  77.91167 ,  80.931305,  88.68039 ,  89.753105,
        95.63281 ,  85.99359 ,  92.94174 ,  94.29628 ,  87.05052 ,
        88.817276,  83.77746 ,  94.28238 ,  65.86012 , 102.80792 ,
        91.75282 ,  72.6823  ,  72.65602 ,  79.87295 , 102.473526,
       113.98385 ,  86.59792 ,  91.804184,  81.154144,  79.83972 ,
        86.91208 ,  91.46678 ,  75.07389 ,  85.64897 , 101.995316,
        92.520966,  87.03399 ,  92.904434,  86.927536,  96.441826,
       104.80758 ,  82.781906,  86.17311 , 113.203354,  50.250748,
        94.617744, 104.647736,  84.875595,  92.91452 ,  97.50412 ,
       107.88216 , 106.41913 ,  89.95049 ,  97.387665,  86.30343 ,
        70.26128 ,  74.42081 , 119.359924,  89.36749 ,  99.00946 ,
        91.304535,  90.83341 ,  78.03564 ,  91.57257 ,  85.5573  ,
        79.92432 ,  91.86685 ,  84.627716,  86.4503  ,  70.13925 ,
       111.79459 ,  91.8286  , 103.07554 ,  93.10257 ,  77.92018 ,
        68.78737 ,  94.11865 ,  72.34181 ,  96.03157 ,  85.223785,
        68.165375,  85.52258 , 102.873344, 112.13326 ,  86.07512 ,
        82.09065 ,  65.59902 ,  96.65877 ,  88.4326  , 104.61282 ,
       102.76242 ,  86.74089 , 104.454544, 103.237686, 101.9237  ,
        84.643005,  65.239685,  75.621124,  96.49942 ,  99.11743 ,
       109.08879 ,  73.22788 ,  74.50209 ,  89.26921 , 102.76665 ,
        89.275604, 102.53587 , 110.20503 ,  73.25624 ,  81.62613 ,
        97.70116 ,  93.2263  , 110.67973 , 102.841324,  82.81202 ,
        88.57064 ,  70.267075, 107.816055, 100.786285, 105.99965 ,
        96.437   , 101.52467 ,  86.87135 ,  85.67062 ,  66.064926,
       102.17946 , 107.45865 ,  88.40285 ,  82.37066 ,  79.432076,
        76.368286,  89.43379 , 105.19647 ,  82.49434 ,  88.48529 ,
       104.548065,  88.03512 ,  86.53162 ,  90.666534,  90.263   ,
        74.3667  , 125.52249 ,  96.85684 ,  65.55027 ,  98.83898 ,
        77.94032 ,  82.86644 ,  81.91373 ,  94.29628 ,  93.620346,
        97.83444 ,  97.98179 ,  86.30148 ,  91.4711  , 102.69437 ,
        99.37903 ,  86.108734,  84.62512 ,  92.03489 ,  93.79694 ,
        95.52174 ,  91.465866,  84.03673 ,  78.938774,  97.34875 ,
        77.36563 ,  78.70494 ,  92.13734 ,  86.05816 ,  87.89844 ,
        90.29759 ,  87.614204,  95.55458 ,  96.04103 ,  78.71797 ,
       110.899956,  75.941574,  88.90727 , 104.478516, 109.08586 ,
        71.26677 ,  90.82293 ,  94.22035 ,  84.815674,  82.91911 ,
       106.00739 ,  82.013725,  90.28894 ,  88.14453 ,  92.757996,
        91.230606,  83.00208 ,  68.58562 ,  78.23214 ,  87.976   ,
        77.51647 ,  87.932175,  78.73668 , 110.14493 ,  68.61609 ,
        88.26667 ,  94.527664,  85.07245 ,  87.70468 ,  96.5726  ,
       102.54567 , 104.399506, 105.85651 ,  89.007965,  94.25064 ,
       108.790665,  89.05249 ,  90.09886 ,  87.64024 ,  82.73033 ,
        85.28505 ,  89.21409 ,  86.237305,  92.7242  ,  93.891   ],
      dtype=float32), array([ 93.46591 ,  80.54235 ,  79.00233 ,  93.73193 ,  85.07734 ,
        68.15292 ,  86.62537 ,  95.91758 ,  63.02849 ,  88.23729 ,
        73.85615 ,  97.12934 ,  82.770096,  92.13811 ,  89.844025,
       111.56294 ,  87.533844,  87.177025,  89.67982 ,  89.723816,
        95.125854,  80.71408 ,  84.21038 ,  83.558784,  88.51925 ,
        78.98305 ,  89.66487 ,  78.05531 ,  96.22179 ,  96.437325,
        90.8272  , 106.0842  ,  94.34627 , 105.10902 ,  81.62155 ,
        83.82626 ,  63.528725,  90.45757 ,  76.762924,  77.10153 ,
        99.644424,  81.77135 ,  97.193794,  72.478165,  83.34518 ,
        93.62207 ,  98.39073 ,  94.70714 , 109.46097 ,  96.55466 ,
        69.24418 ,  99.56479 ,  69.162315,  78.5705  ,  99.91167 ,
        92.019714, 121.999695, 110.31295 ,  97.37648 ,  90.57384 ,
       128.25319 ,  99.94967 ,  77.193115,  91.23725 ,  74.63515 ,
       116.87074 , 111.38379 ,  74.42859 , 101.980606,  85.31851 ,
        73.198044, 112.63467 ,  78.92301 ,  91.58986 ,  95.1749  ,
        99.522575,  95.93628 , 112.993614,  75.04309 ,  90.62763 ,
       132.94418 ,  86.52429 ,  90.21659 ,  91.051025, 100.096306,
        92.969215, 107.430176,  86.97807 ,  78.12634 ,  78.74776 ,
       123.993385,  87.60335 ,  84.82956 , 111.28784 ,  79.88135 ,
        83.25191 ,  94.33224 ,  77.07349 ,  66.24582 ,  98.67529 ,
        75.67981 ,  86.03129 ,  77.00937 ,  95.87901 ,  92.69028 ,
        93.15838 ,  89.26066 ,  79.852615, 108.000305,  77.405876,
        70.61292 ,  76.32186 ,  86.33253 ,  78.07628 ,  91.70542 ,
        99.55385 ,  85.614685,  96.61362 ,  87.47238 , 117.28048 ,
        70.60113 ,  74.34169 ,  88.965324,  86.84592 ,  74.819305,
        87.13631 ,  79.88652 ,  86.67413 , 100.97168 ,  82.087654,
        97.2485  ,  89.1655  , 113.464264,  84.68892 ,  93.24898 ,
       104.197495,  75.05255 , 101.45438 ,  92.27554 ,  85.78319 ,
        82.856895,  99.8948  , 105.186874,  82.31717 ,  84.74924 ,
        76.90949 ,  97.26187 ,  71.03172 ,  95.19766 ,  74.06636 ,
        93.0092  ,  83.8427  , 102.67607 ,  80.1472  , 114.717636,
        84.06351 , 100.60858 ,  58.018074,  72.91405 , 102.794586,
       104.72751 ,  84.71474 ,  74.5143  ,  88.89085 ,  73.613754,
        83.63963 ,  89.354294,  83.581955,  78.42984 , 118.870575,
        89.13403 ,  94.61245 ,  80.802345,  92.83827 ,  87.04576 ,
       105.70578 ,  84.09603 , 106.83243 ,  69.1758  ,  93.954216,
        90.313896,  88.478226,  94.30783 ,  76.77557 ,  82.89261 ,
        95.032196,  96.24735 , 107.755035,  86.08893 , 103.55963 ,
        97.294205, 104.954605,  91.82262 ,  79.443695,  97.578415,
        88.75254 ,  59.311554,  89.62708 ,  84.99031 , 146.2497  ,
        98.97309 ,  73.93073 , 104.41772 ,  68.67212 ,  94.839806,
        94.10488 ,  79.60633 ,  89.0399  ,  91.33188 ,  78.40727 ,
       103.41984 ,  78.25462 ,  75.49319 , 102.585815, 112.782104,
       102.60475 ,  68.43923 ,  85.612305, 106.19021 ,  89.25394 ,
        95.94901 ,  71.28432 ,  76.62015 ,  88.36008 ,  89.93251 ,
        94.333885,  91.2697  ,  90.33179 ,  67.95535 ,  93.61329 ,
        91.23725 ,  74.34013 ,  93.803375,  77.90434 ,  78.73258 ,
        87.16922 ,  79.0235  ,  78.69365 ,  83.76149 ,  94.58414 ,
        84.72217 ,  95.66302 , 102.09172 ,  96.01146 ,  81.17922 ,
       139.11319 ,  96.075714, 115.670845,  96.62254 ,  87.76016 ],
      dtype=float32)]
