cuts average:63.538519795735674 : 
[array(65.33656, dtype=float32), array(63.38791, dtype=float32), array(62.765472, dtype=float32), array(64.72485, dtype=float32), array(62.547287, dtype=float32)]
[array(62.695538, dtype=float32), array(64.52748, dtype=float32), array(62.779922, dtype=float32), array(63.54608, dtype=float32), array(63.189995, dtype=float32)]
[array(62.55153, dtype=float32), array(63.75052, dtype=float32), array(64.851906, dtype=float32), array(63.193287, dtype=float32), array(63.229454, dtype=float32)]
128-fix average:[88.386444 93.75014  91.2366   87.17232  96.48266  93.75163  88.256836
 90.520355 87.24368  89.42061  89.486855 88.40518  91.11154  89.77003
 89.94295  88.961945 92.09106  89.685394 87.860504 98.755516 87.232
 90.47867  95.574486 89.18486  92.41363  96.29359  85.79982  87.3868
 94.456085 89.15993  93.2113   93.32285  87.35139  89.3645   88.18124
 92.912186 92.6804   93.702225 90.40331  87.67251  86.31091  93.66302
 96.84621  92.58114  92.319954 86.449165 93.04042  86.85269  92.05491
 93.15119  90.508286 87.03609  94.0678   88.585464 87.31917  93.85676
 87.616905 89.98362  85.49016  90.314384 93.56847  92.90496  94.7914
 86.5981   90.883194 92.71575  89.15226  88.663315 91.99203  97.60656
 87.30258  86.64726  85.56442  84.54882  95.00304  84.66972  88.51232
 89.59513  90.50717  86.24874  89.43238  87.0466   84.66456  98.20407
 94.30615  88.29865  91.52363  90.50322  94.89005  85.532005 90.4485
 91.109795 95.397865 87.97879  89.96213  90.03636  90.52663  88.89052
 88.17578  88.16304  92.03008  92.545654 86.49105  99.52996  87.3329
 93.9634   87.74132  93.04792  96.047226 86.17653  90.37014  89.84511
 91.03145  90.55371  89.4325   90.58472  91.24627  85.4393   89.630455
 88.69932  88.45933  88.8417   89.80655  86.681786 87.66641  93.77344
 92.84339  87.00431  95.75817  90.05544  94.08259  90.55044  86.845314
 85.833916 89.974205 94.92128  88.4364   96.64827  92.70785  85.698555
 94.82156  91.54014  84.71932  95.75561  97.94642  93.66613  91.169205
 86.37961  96.04399  90.41921  92.32177  90.60137  87.231094 95.71742
 90.72767  90.00758  89.95667  91.68473  96.25019  94.546005 88.57103
 90.50898  90.366104 89.107    88.72973  93.493805 92.50725  94.729256
 90.05122  92.67521  88.82032  93.17282  89.84594  92.12996  90.00438
 92.677025 85.92944  89.52705  96.56092  88.1639   93.98741  92.94272
 89.896805 91.111404 88.30007  88.458115 97.32345  88.80882  91.99923
 91.32996  84.291016 99.261444 93.94884  86.7634   84.75588  90.04489
 94.77938  87.47975  90.44776  89.26437  90.35794  93.75132  89.226875
 96.42358  88.53161  94.92579  84.853294 89.42141  88.2296   91.68069
 90.701866 93.29853  91.53823  93.7054   91.78831  88.04479  92.34916
 90.78047  87.72352  90.712906 86.22261  91.44964  89.51159  94.00931
 88.88705  89.59429  96.83302  91.121315 92.87785  89.770584 88.370804
 90.474655 93.97476  93.16703  86.15351  92.99977  91.86221  86.70175
 95.1465   86.208885 91.64786  90.84807  88.43752  89.29206  93.73561
 92.23682  87.49765  92.12582  93.83943  88.26118 ] : 
[array([ 95.37314 ,  76.25368 , 100.72845 ,  86.390015, 103.51654 ,
        83.01428 ,  84.88374 ,  88.29393 ,  98.384735,  72.77788 ,
        71.95996 ,  74.18215 , 101.90863 ,  85.63365 ,  74.39996 ,
        98.34345 ,  97.08108 ,  83.979836,  96.812195,  77.63865 ,
        92.11258 ,  79.719376,  98.003006,  81.78311 , 116.29169 ,
       113.12956 ,  66.083466,  99.260666,  78.51346 ,  89.14839 ,
       105.77031 ,  91.33464 ,  87.274124,  85.25757 ,  83.79608 ,
        88.55972 , 119.43759 ,  99.280365,  93.54502 ,  84.66258 ,
        82.63046 ,  98.21947 ,  93.476234,  88.882324, 119.341736,
        78.31578 , 103.590126,  90.60157 ,  77.86211 , 111.8615  ,
        82.866714,  86.021484,  88.67861 ,  82.356705,  72.80812 ,
        86.127304,  93.10968 ,  85.01426 ,  88.9736  ,  70.361786,
        82.419586,  96.14606 ,  86.65285 , 103.409035,  98.053116,
        70.08519 , 103.94668 ,  95.09654 ,  92.56516 ,  91.29982 ,
        74.61502 ,  94.66229 ,  87.94481 ,  79.9252  ,  83.68771 ,
        69.17721 , 104.83414 , 103.69804 ,  98.73503 ,  95.28901 ,
        81.13277 ,  62.390755,  93.842224,  65.1838  ,  93.11405 ,
        88.187164,  89.597046,  83.20148 ,  91.656494,  84.07037 ,
        90.24362 ,  99.53777 , 118.27493 ,  77.32694 ,  85.061844,
        81.0464  ,  90.55249 ,  89.3745  ,  88.080124, 120.086845,
        73.86556 ,  84.29216 ,  88.79634 , 105.477715,  83.06778 ,
        97.15529 ,  72.55614 , 104.087456,  89.34508 ,  93.42867 ,
        70.41658 ,  80.06459 ,  94.92    ,  83.04294 ,  89.850876,
        93.68198 ,  98.52319 , 101.80691 ,  93.60004 ,  84.53363 ,
        65.961716, 102.353546, 106.25331 , 107.21764 ,  69.38397 ,
        97.267006,  80.388626,  66.2328  ,  96.99122 ,  88.234375,
        91.498825, 116.7762  ,  80.93906 ,  81.76328 ,  86.64049 ,
        95.53459 , 109.324814,  91.751236,  79.42569 ,  93.894516,
       111.481125, 103.0094  ,  86.97365 , 102.722694,  87.45474 ,
        82.36008 ,  88.18448 ,  79.656525, 113.11697 ,  94.1311  ,
        84.325   ,  93.167786,  91.37712 ,  82.092926,  91.99618 ,
        82.91789 ,  65.539474,  80.54161 , 105.366455,  96.467896,
        92.559616, 103.930435,  95.59711 ,  98.1945  ,  88.75662 ,
        95.536545, 112.660904,  87.77577 ,  84.06449 ,  88.58104 ,
        95.9354  ,  95.00125 ,  71.77741 ,  62.8274  ,  91.05645 ,
        79.134796,  72.8788  ,  94.798355,  92.48397 ,  91.11707 ,
        83.69861 ,  79.110214,  87.0318  ,  88.83293 ,  97.45401 ,
        75.88022 , 107.00451 ,  95.41745 ,  94.29787 ,  96.146454,
        90.02399 , 123.88958 ,  92.76587 ,  95.771484,  83.52492 ,
        93.54381 , 123.36235 ,  90.93363 , 111.71366 ,  84.04695 ,
        86.210236,  93.10968 ,  84.671005,  83.788315, 108.939514,
        77.89064 ,  90.37529 ,  64.21805 ,  78.76742 ,  92.3389  ,
        92.8315  ,  91.42707 ,  80.80343 ,  81.850235, 105.854034,
        84.52937 , 117.484406,  81.42586 ,  96.071594,  90.0231  ,
        85.28694 ,  89.48003 ,  66.13801 ,  86.95468 ,  79.76303 ,
        67.01936 , 103.9048  ,  94.95996 , 100.11905 ,  81.987366,
        76.37483 ,  98.88095 ,  73.796715,  82.83908 ,  98.31468 ,
       102.25078 ,  81.632256,  63.43363 , 104.478424,  89.46724 ,
        94.39061 ,  84.89885 ,  80.27153 ,  96.52785 ,  77.16039 ,
       101.35153 ,  91.24014 ,  73.02424 , 103.5302  , 114.83264 ],
      dtype=float32), array([ 91.357925, 114.41293 ,  86.07007 ,  94.94555 ,  93.326645,
        94.44803 ,  84.79411 ,  92.388855,  85.76082 ,  81.674416,
        81.88472 ,  94.42207 ,  99.43462 ,  82.04175 , 107.32243 ,
        93.36983 ,  68.66115 ,  95.228714, 100.4593  ,  92.6239  ,
        69.9499  ,  97.40355 ,  90.39534 ,  89.42468 ,  84.79149 ,
       104.21437 ,  92.38289 ,  90.45638 ,  95.4886  ,  65.601456,
        84.289276,  95.14261 ,  70.74817 ,  73.519485,  81.63966 ,
        92.53088 , 107.17791 ,  89.88166 ,  80.199936,  71.17117 ,
        79.159225,  97.8759  , 103.420685,  86.25505 ,  94.20384 ,
        81.821686,  87.60683 ,  81.26255 , 118.98544 , 107.71818 ,
        92.21108 ,  77.32575 , 105.713326,  77.74792 ,  81.573074,
        78.80192 ,  70.32371 ,  83.25411 ,  86.76825 ,  89.642624,
       103.98698 ,  93.21318 ,  96.33237 ,  77.89398 ,  88.03998 ,
        80.07857 , 104.09474 ,  86.1137  ,  89.514786,  76.02263 ,
       106.18457 ,  89.07151 ,  62.86103 ,  85.32306 , 100.97915 ,
        69.850494,  80.92546 ,  88.48534 ,  73.287506,  79.881516,
        99.082   ,  62.312836,  70.047714, 105.76688 , 103.6728  ,
        69.18965 ,  54.16169 ,  78.260506,  99.22316 ,  72.926865,
        96.90027 ,  88.73964 ,  96.01453 ,  59.49018 ,  85.12827 ,
        98.97444 , 103.51519 , 104.42282 ,  87.603485,  86.52881 ,
       111.59003 ,  96.09465 , 111.23224 ,  88.46207 ,  90.78967 ,
       120.0789  , 104.01932 ,  92.20627 , 106.50019 ,  86.861244,
        87.983154,  72.84984 , 112.433136,  77.96257 ,  83.795494,
        98.97343 , 107.69429 ,  89.0864  ,  85.14455 ,  79.17778 ,
        94.665825,  93.07739 ,  92.82684 ,  97.226425,  80.52191 ,
       104.174225, 104.723274,  84.20965 , 112.269485,  82.035164,
       108.59854 ,  84.010185,  75.44215 ,  88.5507  ,  76.81304 ,
        94.71059 ,  77.790436, 104.05086 ,  88.76447 ,  64.72524 ,
        78.55774 ,  97.45497 ,  86.31473 ,  78.68559 ,  96.51995 ,
        60.57219 ,  83.02464 ,  80.82708 ,  82.03405 ,  84.93347 ,
        91.50014 ,  83.2887  ,  87.63035 ,  85.99449 , 100.58804 ,
       105.50386 , 103.515305,  68.96184 , 125.209915,  96.26643 ,
        84.255585,  71.583725,  90.73634 ,  83.3076  ,  78.48433 ,
        96.44855 , 107.88762 , 105.96802 ,  92.77025 , 102.6839  ,
        64.34074 , 100.09236 ,  83.33075 , 117.964066,  92.56234 ,
        92.13363 ,  76.51033 ,  89.701355,  90.67447 , 102.43966 ,
        80.003136,  75.42085 ,  87.32619 ,  74.07587 ,  82.3817  ,
       101.917694, 101.910095,  82.8186  ,  66.277435,  98.64223 ,
        84.71237 , 101.25333 ,  79.4843  ,  66.35362 ,  71.15765 ,
        93.43669 ,  91.65241 , 100.04472 ,  82.39739 ,  96.609924,
        84.14703 ,  82.737854, 101.258865,  94.42039 ,  93.33479 ,
       115.48967 ,  86.604195,  93.68935 ,  77.584145,  97.23388 ,
        83.91592 , 108.08194 ,  85.75906 ,  98.50496 ,  95.686485,
        67.27534 , 101.80667 , 103.258606,  93.00693 ,  84.784195,
        77.14938 ,  85.51221 ,  90.17969 ,  79.149734, 105.27188 ,
        77.26257 ,  95.95194 , 112.77519 ,  80.99043 ,  87.380554,
        89.762085,  99.82753 ,  62.48405 ,  93.172   ,  63.54711 ,
        83.605415,  94.382645,  87.59018 ,  79.859695,  77.86766 ,
       115.84108 ,  83.49109 ,  94.83865 ,  76.60627 ,  92.33668 ,
        92.129684,  94.19496 ,  98.114075, 128.30057 ,  94.06824 ],
      dtype=float32), array([101.41275 , 108.83232 ,  71.218704,  90.61995 ,  93.4888  ,
       101.589485,  81.48119 ,  76.14447 ,  85.40468 ,  91.42708 ,
        99.28549 ,  84.31902 ,  83.65137 ,  90.98805 ,  79.68187 ,
        85.23361 , 103.13046 ,  93.97079 ,  91.6583  , 106.92243 ,
        88.76274 ,  88.892105, 111.82899 , 101.42903 ,  87.44488 ,
        85.65689 ,  72.09352 ,  91.5806  ,  87.47533 ,  71.87938 ,
       103.47647 , 111.135864,  98.50358 ,  76.714485,  85.996765,
        92.2749  ,  73.7056  ,  89.71425 ,  80.805565,  75.66429 ,
        96.62718 , 104.67114 ,  89.18297 ,  95.74497 , 108.04294 ,
        89.24011 , 102.20311 ,  81.10955 ,  85.163635, 100.4466  ,
        90.161736,  73.69527 ,  99.534195,  93.205215,  90.97644 ,
        79.51451 , 100.57794 ,  88.46205 ,  82.10454 , 112.30723 ,
       106.58241 ,  94.69032 , 109.45574 ,  69.74424 , 103.015564,
       100.94641 ,  99.14458 ,  77.3499  ,  87.10101 , 104.83798 ,
        75.393936,  78.10147 ,  96.18938 ,  73.70351 , 103.824844,
        84.17793 ,  87.88    ,  97.797745,  80.39193 ,  99.111404,
       105.8338  , 106.320175,  97.85033 ,  86.64226 ,  96.41086 ,
        98.96469 ,  94.8529  ,  71.55873 ,  87.21658 ,  90.19252 ,
        91.731064,  92.61725 ,  94.53027 , 102.667274,  73.98654 ,
        68.040855,  74.83925 ,  89.4601  ,  83.721924, 100.42374 ,
        99.420456,  63.49906 , 105.91019 ,  88.38118 ,  80.38872 ,
       104.11894 ,  97.234314,  76.033714,  72.704285,  83.35358 ,
        81.13275 ,  95.64925 ,  89.988655,  96.341705, 102.87549 ,
        82.722015, 115.473495,  84.969086,  91.29068 ,  68.73998 ,
       101.52174 ,  86.68447 ,  86.458374,  62.73106 ,  98.97993 ,
        99.07382 ,  63.195175, 101.03999 , 102.07288 ,  82.502815,
        84.09433 , 105.36497 ,  93.45352 ,  86.93106 ,  74.94617 ,
        89.52524 , 100.574646,  89.35341 ,  88.68599 ,  91.22554 ,
        89.912415,  94.88389 ,  76.433014, 110.94531 ,  86.01552 ,
        87.227646,  91.455475,  80.99748 ,  99.19142 ,  77.00957 ,
       111.77907 , 109.65815 ,  92.455696,  86.19944 ,  70.36452 ,
       102.706116,  72.28357 , 105.68323 ,  93.89163 ,  88.071014,
       112.792435,  89.40047 ,  88.030235,  67.47941 , 102.70103 ,
        72.43744 ,  95.100464,  86.30702 , 103.02167 , 124.91258 ,
        75.87446 ,  97.711784, 103.45978 ,  98.72068 ,  99.153854,
        94.35466 ,  81.233376,  77.19669 ,  96.64466 ,  80.04949 ,
        89.993866,  95.11608 ,  99.00122 ,  85.29173 ,  88.68846 ,
        87.16232 ,  92.89353 ,  83.993286, 105.34235 ,  82.42454 ,
        94.04341 ,  95.3832  ,  97.22091 ,  84.99495 ,  76.70273 ,
        99.18921 ,  82.92961 , 113.486145,  96.08142 ,  86.96788 ,
        82.54764 ,  78.46622 ,  93.98685 , 105.586365, 103.414734,
        93.83678 ,  87.38057 ,  83.254234,  86.04864 ,  97.35514 ,
       104.602516,  92.039795,  79.551956,  67.6413  ,  81.7555  ,
        89.472046,  94.44231 ,  84.20624 ,  86.5074  , 101.70935 ,
        88.174515,  80.155304,  83.24731 , 106.54309 ,  81.76873 ,
        74.518936, 111.83409 ,  79.181755,  94.234024, 102.04625 ,
        84.317215,  77.78799 , 113.83316 ,  95.17336 ,  93.34589 ,
        89.03061 , 101.867386,  94.9996  ,  96.11453 ,  78.44032 ,
        89.80201 ,  66.04436 ,  90.34209 ,  83.36561 ,  89.809616,
        87.15245 ,  98.92404 ,  85.94402 ,  81.68135 , 115.13786 ],
      dtype=float32), array([ 81.40823 ,  90.159775, 107.85176 ,  77.10715 , 106.28493 ,
        77.199234, 103.38016 , 100.22603 ,  91.78319 , 119.59774 ,
       101.24509 ,  95.69255 ,  80.1485  ,  88.44852 , 105.79869 ,
        85.80917 , 104.26972 , 100.385254,  85.75813 , 104.35983 ,
        97.52089 , 103.063095,  84.96648 ,  75.74597 ,  97.41757 ,
        91.324844,  81.79138 ,  89.38832 , 125.20974 , 101.79952 ,
        97.00975 ,  85.92102 ,  85.505264,  97.71832 ,  83.17723 ,
        79.888885, 104.16668 ,  94.06788 ,  88.789375,  82.721695,
        99.46825 ,  76.81138 ,  96.8212  ,  85.97515 , 102.18721 ,
        92.87076 ,  83.13374 ,  98.93674 ,  88.684906, 103.95105 ,
        89.87497 ,  81.519135,  73.88165 ,  85.51769 ,  80.48567 ,
        99.21864 ,  97.166214, 100.2263  ,  82.66754 ,  81.77825 ,
        81.100006,  86.979454, 104.373184,  79.80347 ,  81.41663 ,
        83.87976 ,  94.390114,  99.12251 ,  77.8799  ,  90.45409 ,
        74.82056 ,  71.625084,  66.68558 ,  83.7715  , 103.420746,
        81.661476,  68.11522 ,  89.78968 ,  87.02007 ,  68.45906 ,
        85.1198  , 104.29494 , 103.881516,  84.47398 , 109.00181 ,
        84.26164 ,  78.23386 ,  95.927704,  93.860565,  78.85634 ,
       112.18884 , 106.3796  ,  92.48017 ,  85.54483 , 111.11003 ,
        80.34246 ,  90.37297 ,  92.16293 , 103.61514 ,  94.50379 ,
        93.19671 ,  82.97788 ,  84.544754, 122.95281 ,  84.20836 ,
        79.5455  , 105.88546 , 116.226395,  96.803185,  79.549286,
        85.68993 , 120.79236 ,  83.431305,  77.87135 ,  79.17575 ,
        84.59784 ,  91.90277 ,  83.99188 , 109.06827 ,  96.821724,
       109.73213 ,  77.72955 ,  89.90021 ,  84.14197 ,  95.87547 ,
        98.12349 , 108.14986 ,  88.93363 , 102.348816, 102.43971 ,
        83.26344 ,  74.998276,  81.500854, 104.48422 ,  95.31928 ,
       100.16602 ,  93.75872 ,  97.43218 ,  93.19822 ,  76.518394,
        83.044556, 105.26784 ,  90.72616 ,  87.36671 ,  91.77055 ,
       106.961945, 103.9106  , 101.91959 ,  74.01579 ,  90.35246 ,
        79.64588 , 101.25337 , 104.89432 ,  76.29021 ,  82.17334 ,
        97.197876,  86.465454, 102.09726 ,  89.157455,  88.715576,
        52.71073 ,  82.82277 ,  90.53345 ,  82.95238 ,  90.733765,
        93.40279 ,  66.90065 ,  89.653496,  84.6192  ,  69.13054 ,
        90.164536, 100.31586 ,  88.09213 ,  95.98093 ,  72.25878 ,
        94.8085  ,  82.544304, 102.60257 , 100.182724,  88.124695,
       101.94888 ,  97.52367 ,  87.68612 , 113.84299 ,  84.83023 ,
       103.56561 , 101.76703 ,  91.92822 , 105.29439 , 110.09543 ,
        71.48367 ,  73.8367  ,  97.0727  ,  83.68453 , 129.69849 ,
        74.93731 ,  77.199234,  96.444664,  93.89461 ,  71.36061 ,
        81.94569 , 104.28235 ,  63.392105, 111.26641 ,  89.009026,
        92.04059 ,  77.76582 ,  87.04836 , 117.70478 ,  88.15404 ,
        90.13536 , 102.73161 ,  84.00161 ,  95.12367 ,  84.96652 ,
        79.421616,  81.11666 ,  94.09415 ,  73.45642 ,  79.11206 ,
        90.9274  ,  78.67972 ,  80.942856,  93.05377 ,  85.81285 ,
        90.8105  , 106.58696 ,  85.64116 , 102.114265, 110.04445 ,
       102.247894,  87.63606 , 101.31793 ,  93.62188 ,  89.23613 ,
        88.81914 ,  96.184715,  73.991806, 104.020874,  67.42172 ,
        60.785652,  97.122635,  82.882614,  98.602264,  68.83806 ,
        92.87711 ,  93.2921  , 107.50648 ,  75.99133 ,  84.1736  ],
      dtype=float32), array([ 88.576096,  98.95977 ,  87.69762 ,  83.61794 ,  98.449356,
       134.20029 , 106.3999  ,  91.56939 ,  80.12479 ,  93.549675,
        81.398834, 101.474655,  79.610825, 109.48901 ,  89.943634,
        84.99718 ,  87.061905,  85.54767 ,  71.35857 , 107.71515 ,
        94.26101 ,  99.91286 , 103.797165,  89.084595,  99.855255,
       101.476364, 105.75662 ,  95.753784,  89.42118 , 111.37164 ,
        95.9847  ,  59.933945,  83.561935,  94.455185,  93.063034,
        92.82271 ,  83.696396, 101.919586,  99.7023  ,  99.10453 ,
        69.82938 ,  98.444244, 102.551056,  71.44918 ,  90.650314,
        80.463745,  90.70628 ,  77.44425 ,  79.07773 ,  97.13518 ,
       101.04347 ,  60.952477,  98.77905 ,  91.736946,  96.18511 ,
        95.83748 ,  77.731476,  70.61755 ,  86.78891 ,  92.96336 ,
        85.211105, 108.984886,  86.83556 ,  94.66222 ,  73.99369 ,
       103.09683 , 108.2287  ,  89.25678 ,  93.819374,  88.73744 ,
        93.31525 , 109.96551 ,  93.80795 ,  83.48776 , 112.7626  ,
        96.11665 ,  82.38714 ,  96.51936 ,  98.13357 , 107.68812 ,
       102.45447 ,  91.04536 ,  72.808075,  88.03141 ,  88.54127 ,
        83.30463 , 101.294174,  98.414276,  88.00748 ,  81.856346,
        95.33998 ,  73.10838 ,  85.14579 ,  96.97824 ,  92.98271 ,
       101.69296 ,  74.28288 ,  92.64961 ,  82.62323 ,  94.918076,
       105.99621 ,  91.946175,  77.857666, 112.21082 ,  90.09325 ,
        89.09489 ,  89.60481 ,  89.02861 ,  87.68641 , 103.51063 ,
        79.31691 ,  72.1156  , 104.32049 ,  92.888016,  77.87387 ,
       105.03983 ,  93.38933 ,  66.60611 ,  85.51149 , 124.4754  ,
        69.81685 ,  89.19781 ,  94.9106  ,  92.7922  ,  76.981544,
        92.121925, 103.99287 ,  78.09723 ,  96.516815,  76.25922 ,
        94.35947 , 100.640755,  97.4055  ,  92.351105,  91.61563 ,
        86.13194 ,  93.768005, 113.59956 ,  94.54324 , 103.42295 ,
       104.565475,  61.77456 ,  62.77828 , 108.596436,  82.26468 ,
       117.030174, 105.04816 ,  83.62417 ,  94.51668 ,  84.90081 ,
        89.98706 ,  79.13309 ,  57.257576,  66.546326,  88.30841 ,
        82.7767  , 102.100945, 103.64274 , 106.34578 , 103.39906 ,
        99.52147 , 100.66989 ,  74.049446,  92.892746,  84.38044 ,
        89.87158 , 108.84708 ,  92.8259  , 101.294174,  83.71985 ,
        93.08241 ,  73.01225 ,  82.594345, 117.71956 ,  76.44945 ,
        93.96563 ,  79.147896,  75.45865 , 110.48767 ,  94.046005,
        91.806595,  91.93145 ,  78.00589 , 105.88599 ,  63.450886,
       111.109985,  84.51427 ,  91.7338  ,  98.84438 ,  87.154434,
        74.20853 ,  89.676315,  82.474396,  96.39345 ,  91.15867 ,
        77.26513 ,  88.716446, 117.22272 ,  72.3244  ,  97.71069 ,
        80.45755 ,  92.10505 ,  73.99025 ,  98.28595 ,  75.03115 ,
        84.95145 ,  80.87463 ,  80.075455,  92.63379 ,  91.96059 ,
        97.15337 , 108.57782 ,  96.2697  ,  99.0379  ,  96.81941 ,
       100.91449 ,  80.72482 ,  77.18111 ,  95.25775 ,  92.87704 ,
        75.81333 ,  94.77931 ,  85.29465 ,  94.443855,  84.527664,
       102.46387 , 100.64932 , 102.131096, 103.53201 ,  58.845367,
        73.65601 ,  97.85063 ,  86.79717 ,  78.892456,  59.365517,
       106.27229 ,  78.546646,  97.78259 ,  79.369705,  93.05133 ,
        95.21089 ,  88.352615,  77.75618 ,  85.46417 , 115.32269 ,
       101.517975,  96.19297 ,  87.03984 ,  93.2941  ,  78.01062 ],
      dtype=float32)]
[array([ 72.890755, 104.25533 ,  90.18027 ,  93.867004,  92.0614  ,
        87.32178 ,  78.99659 , 101.78175 ,  94.21735 ,  75.36296 ,
        98.68182 ,  87.95297 ,  91.6588  ,  75.41622 ,  92.67072 ,
        53.867874,  90.6369  ,  78.72509 ,  77.70934 ,  87.48164 ,
        97.448944, 102.946106,  85.88594 ,  72.17641 , 109.34524 ,
        95.744064,  79.14601 ,  79.42905 ,  99.476685,  90.92246 ,
        89.04068 ,  91.78386 ,  65.58467 ,  92.702545,  82.53284 ,
        95.74519 ,  76.535355,  81.44213 ,  88.946365,  96.07944 ,
        99.82633 ,  76.55101 ,  80.635254,  88.55369 , 100.61567 ,
       103.94609 ,  78.49945 , 101.4052  ,  92.70882 ,  61.29216 ,
        84.794556,  98.35521 ,  92.64205 ,  87.23924 ,  95.382034,
        96.268845,  84.29829 , 109.34868 , 101.06576 ,  88.78645 ,
        90.94729 ,  92.79732 ,  84.95586 ,  88.78817 ,  86.16333 ,
       113.216286,  96.6373  ,  85.51579 ,  84.69527 ,  97.44603 ,
        82.93031 ,  85.71457 ,  82.262825,  87.498856,  84.83626 ,
        80.0838  , 101.284256,  83.71794 ,  90.28529 ,  64.88634 ,
        87.62225 ,  89.7492  ,  89.89572 ,  94.91926 , 109.62772 ,
        93.57215 ,  99.36803 ,  78.37529 , 108.82439 ,  78.424255,
        87.35493 ,  74.04083 , 106.95795 , 107.45383 ,  83.79023 ,
        83.949005,  80.07823 ,  83.51319 ,  96.21071 , 113.94545 ,
       103.031075,  84.30813 ,  93.37736 , 112.63185 ,  70.043724,
       104.63353 ,  97.21367 , 109.82201 ,  93.003265,  80.1161  ,
        95.22012 ,  84.22334 ,  98.48882 ,  94.372055,  82.27934 ,
        88.5425  ,  79.03177 ,  88.056046,  76.14532 ,  93.50484 ,
        83.06071 ,  87.59802 ,  76.80328 ,  90.143394,  69.4804  ,
        98.63776 , 109.43533 , 103.73452 , 102.138725,  90.70251 ,
       109.2241  ,  75.249565,  89.84297 ,  85.136734,  81.181244,
        81.288284,  73.46875 ,  96.21785 ,  99.895294,  78.32945 ,
       109.68527 ,  88.410194,  86.113686, 108.10359 , 100.17982 ,
        84.661804,  87.950134,  85.28061 , 113.01756 , 107.157394,
       110.110565, 103.32124 ,  68.286095, 120.23669 ,  86.31874 ,
        94.32712 ,  78.22639 , 112.49924 ,  98.075806,  93.6387  ,
        90.997345,  90.06382 ,  92.92905 , 116.36581 ,  85.868835,
       104.02853 ,  75.57057 ,  88.23311 ,  88.33147 , 101.35625 ,
        74.722916, 101.58044 , 102.03729 , 101.105316, 107.99217 ,
        89.14309 , 104.91501 ,  84.37024 , 103.29843 ,  68.30025 ,
        93.363266,  95.223404,  93.27292 ,  93.68727 ,  81.38573 ,
        89.10522 ,  95.213425, 107.33141 , 106.553696,  97.88951 ,
        73.8427  ,  93.67267 ,  88.977585,  74.4698  ,  76.19341 ,
        80.8602  ,  94.15149 ,  84.985634,  88.89387 ,  89.82692 ,
        95.91479 , 116.18959 ,  82.892426,  82.87604 ,  90.48569 ,
       100.73245 ,  89.215775, 108.18351 ,  91.80885 , 108.09704 ,
        79.36853 ,  77.627594,  91.693954, 103.55875 ,  98.0274  ,
        84.506516,  96.27995 ,  97.438065,  84.82602 ,  99.31477 ,
        95.64964 , 120.75619 ,  90.73479 , 123.95493 ,  98.33177 ,
        75.81409 , 119.62021 , 116.52544 ,  90.28009 ,  91.59289 ,
        82.90718 , 103.81349 , 122.149796,  97.307175,  85.45844 ,
        83.799255, 108.12746 ,  76.030014,  90.47629 ,  83.66081 ,
        91.59693 ,  78.45451 ,  82.57379 ,  87.65619 , 110.99068 ,
        80.36789 ,  67.140884,  81.65241 ,  86.0459  ,  97.10246 ],
      dtype=float32), array([ 85.67541 , 103.35639 , 107.673164,  88.54177 ,  87.71647 ,
        86.299194,  68.65286 ,  87.55411 ,  83.466805,  83.31465 ,
        82.40799 ,  86.14533 ,  94.112564,  67.23131 ,  94.60393 ,
       131.5752  ,  84.72084 ,  88.6927  , 109.27338 , 136.7183  ,
        73.80091 ,  92.43246 ,  99.69606 ,  85.85489 ,  76.92154 ,
        86.05723 ,  86.1026  ,  82.046616, 119.27974 ,  87.84521 ,
        94.840385, 108.183075,  93.423225,  81.694565,  97.31666 ,
       105.27503 , 107.821304, 107.57586 ,  92.66086 , 104.413666,
        81.722336, 113.420975, 105.28797 , 100.672714,  91.492325,
        72.170044, 111.32407 ,  88.55045 ,  84.65485 ,  79.73233 ,
        73.65079 , 101.09198 , 122.98765 ,  82.355446,  83.22084 ,
        97.91972 ,  91.509186,  73.57099 ,  75.47639 ,  86.11754 ,
        98.6812  ,  78.7979  , 103.752014,  81.66094 ,  90.16381 ,
        92.52283 ,  74.981705,  95.676674,  96.81274 ,  97.67032 ,
        93.41564 ,  84.68353 ,  76.94873 ,  76.903175,  71.15469 ,
        82.077095,  85.96138 ,  79.769424,  82.172516,  95.16669 ,
        89.616165, 102.06647 ,  73.203354, 102.14444 ,  98.93132 ,
       103.57167 ,  97.26225 , 111.01558 ,  84.609024,  92.72732 ,
        95.54473 , 109.52338 ,  82.3439  ,  92.362274,  73.67941 ,
        99.270645,  85.364265,  82.9839  ,  81.985954,  83.729416,
        89.5538  , 104.704544,  88.0442  , 105.370575, 126.21545 ,
       110.89878 ,  87.41987 , 101.76367 ,  86.46714 ,  93.60523 ,
        83.14746 , 103.809204,  89.913605,  86.04648 ,  85.25238 ,
        89.45151 ,  84.153244,  76.48253 ,  98.151596,  91.50056 ,
        78.33568 ,  79.70766 ,  91.53868 ,  84.36537 ,  97.699684,
        77.67047 ,  90.48021 ,  87.81211 ,  78.57353 ,  73.61771 ,
        91.3569  ,  93.695015,  74.35339 , 103.326935, 110.245636,
        89.84412 ,  95.29025 ,  79.145996,  91.2901  ,  79.76377 ,
       106.24252 ,  91.88718 ,  98.406494,  91.35347 , 103.49925 ,
       103.0602  ,  81.69408 ,  96.77002 , 110.78691 ,  70.173004,
        80.17207 ,  96.99617 ,  75.78675 , 108.979935,  85.06772 ,
        94.33342 ,  85.55252 ,  72.303345,  89.085464, 102.25889 ,
        78.23157 ,  85.03289 , 104.97876 ,  97.98796 ,  96.483826,
        94.4214  ,  97.78003 ,  99.29094 ,  75.16437 ,  87.518196,
        98.58937 ,  84.10723 ,  81.879906,  79.73984 ,  92.49501 ,
        99.834145,  88.122574,  77.2858  , 101.58577 ,  88.82511 ,
       122.078766, 100.54501 ,  85.29289 , 108.35852 ,  70.465805,
        84.89877 ,  83.520706,  92.082886,  82.685524,  95.30777 ,
        83.56068 ,  95.65711 , 108.73517 ,  87.678406,  80.95709 ,
       103.4438  ,  83.33735 ,  82.98023 ,  96.31735 , 104.07559 ,
        88.92614 ,  95.85751 ,  96.47158 ,  82.06034 ,  78.06058 ,
        99.29169 , 101.90181 ,  99.683846,  76.82663 ,  86.85519 ,
        98.74309 ,  80.685165,  97.21363 , 110.09021 ,  86.011   ,
        98.98294 , 104.18211 , 101.70575 ,  87.53344 ,  92.96831 ,
        71.97304 , 103.20805 ,  97.93446 ,  81.55571 ,  87.867424,
       123.82894 ,  76.15521 ,  82.92246 ,  85.75876 , 104.541504,
        94.791046, 111.69969 ,  99.20419 ,  90.434326,  92.839325,
        87.28983 ,  97.61367 , 104.89919 ,  82.44852 ,  79.23372 ,
        86.6416  , 100.33292 ,  76.81077 ,  97.0755  , 103.5881  ,
        79.35249 ,  78.25984 ,  92.41252 ,  80.97139 ,  92.06325 ],
      dtype=float32), array([ 86.74519 , 102.87276 ,  98.97572 ,  80.59187 ,  90.52714 ,
        73.1191  , 100.28471 ,  78.34506 ,  76.988045, 115.239456,
        88.67111 ,  71.96274 , 103.94003 ,  77.227974,  80.92784 ,
        72.51846 , 119.46181 ,  91.30122 ,  97.006516,  90.03075 ,
        77.54402 , 103.20807 , 100.35399 ,  81.65292 ,  72.95442 ,
        80.57539 ,  84.80017 ,  82.29448 ,  80.18518 ,  85.79344 ,
        84.81258 ,  97.81346 ,  92.046005,  84.916985,  88.06096 ,
        95.037964,  79.8544  , 116.43732 ,  68.336655,  93.16009 ,
        88.33682 , 104.47178 ,  83.61812 ,  75.77823 ,  76.949646,
        86.40756 ,  92.13925 ,  87.013016,  84.64924 ,  89.539566,
       120.07274 ,  94.780014,  81.044914,  85.20187 ,  83.66798 ,
        75.05088 ,  85.26477 ,  79.6499  ,  88.284515,  79.816315,
        92.47281 ,  76.10608 ,  95.31145 ,  72.35368 ,  95.244995,
        88.78647 ,  69.61708 ,  90.58553 ,  87.42403 , 100.36152 ,
        86.53836 , 104.49568 ,  83.83575 ,  81.88192 , 103.93564 ,
        89.54332 , 100.22208 ,  95.2393  ,  71.05307 ,  83.17035 ,
        75.7174  ,  89.81406 ,  69.312805, 122.52884 ,  83.32497 ,
       103.14014 , 112.00206 ,  82.58092 , 102.55607 ,  90.177086,
        70.97665 ,  58.235565,  89.4907  ,  83.14193 ,  83.07936 ,
        93.14113 ,  82.44679 ,  73.49585 ,  73.2702  ,  88.34768 ,
        71.520905, 105.13754 ,  98.725586,  91.56874 ,  84.040726,
        64.430115,  67.899734,  74.94029 , 104.02136 ,  94.7377  ,
       101.13482 , 112.1187  ,  91.82533 ,  99.58074 ,  84.85477 ,
        92.759445,  98.57803 ,  87.160385,  80.26027 ,  81.65489 ,
        84.60237 , 100.02727 , 102.67187 ,  85.19808 ,  85.142685,
        96.82181 ,  98.077385,  88.91397 ,  98.700195, 103.9461  ,
       118.28042 , 100.388725,  97.84351 ,  59.408684,  60.529335,
       114.039764,  94.37687 , 101.88046 ,  98.90815 ,  85.70369 ,
        81.08381 ,  98.85043 ,  86.827385,  87.92569 , 111.91499 ,
        90.62459 ,  90.70657 ,  82.98577 , 110.88425 ,  67.49748 ,
        80.37096 ,  64.3949  , 101.27811 , 103.27535 , 104.50423 ,
        88.17633 ,  82.59382 ,  89.37689 ,  85.730576,  89.63042 ,
        81.31727 ,  89.20997 ,  89.62059 ,  90.125694,  65.77635 ,
        81.99882 ,  89.669304,  86.71814 ,  78.75059 ,  91.79621 ,
        76.43777 ,  84.48372 , 103.815   ,  88.271194,  82.29178 ,
        82.491875,  63.33075 , 100.094315,  85.90433 , 107.50447 ,
        91.34309 ,  82.23858 ,  84.39931 ,  98.858185,  78.738075,
        86.346466, 103.321236, 100.27437 ,  81.986374,  75.12751 ,
        95.70831 , 106.26106 ,  91.444695,  97.91777 ,  81.19623 ,
        71.41611 ,  97.36369 ,  74.68132 ,  87.892   ,  97.5244  ,
       109.29289 ,  90.331696,  91.53959 ,  89.01001 , 108.42975 ,
        97.03604 ,  93.911674,  84.85222 ,  94.65364 ,  99.18033 ,
        90.65193 ,  82.5695  ,  93.35627 ,  82.30986 ,  72.901825,
       103.193146,  95.37959 ,  52.332527,  99.88239 ,  78.21166 ,
        92.423294,  83.06375 ,  95.24048 ,  81.29959 ,  80.67865 ,
        90.65465 ,  87.745834,  99.696075,  85.15701 ,  97.31296 ,
        95.98076 ,  98.54466 , 109.85272 ,  85.54227 ,  76.03793 ,
        91.59027 ,  81.942604,  90.144005, 104.47514 ,  96.53382 ,
        91.97264 , 110.974396, 108.06981 ,  88.34695 ,  83.55209 ,
        95.07478 ,  81.796646,  89.34825 ,  82.974556,  71.656525],
      dtype=float32), array([ 80.78238 ,  85.34405 ,  94.70685 ,  86.10296 ,  92.75937 ,
        97.20346 ,  83.12883 ,  74.627914,  81.09085 ,  84.113205,
        92.60514 ,  90.277954,  91.28193 ,  79.633575,  77.191696,
        86.88219 ,  87.977165,  72.96541 ,  94.38188 ,  94.584206,
        88.97558 ,  69.513794,  97.60698 , 102.967316,  87.69967 ,
       104.71853 ,  92.08257 ,  97.19947 , 124.04157 ,  91.556725,
        80.03642 ,  87.84379 ,  82.99672 , 117.847595,  70.32535 ,
       109.49266 ,  86.29879 ,  83.98958 ,  85.605896,  83.43022 ,
        87.92171 ,  95.70433 ,  97.06065 , 129.80658 ,  88.32993 ,
        91.26436 ,  70.307144,  85.7805  ,  88.91524 ,  95.259   ,
        96.949135,  98.65198 , 111.22045 ,  95.115616,  96.35571 ,
        86.03395 ,  81.59975 , 115.70261 ,  80.661835,  90.57541 ,
        91.001595, 115.10664 ,  84.66385 ,  82.75757 ,  67.89401 ,
       101.11701 ,  80.35131 ,  86.87677 , 113.81044 , 100.75116 ,
        85.65199 , 104.21153 ,  97.620605,  78.58354 , 119.223236,
        95.218414,  88.422386,  89.86435 ,  90.49883 ,  90.40874 ,
        76.59721 ,  74.998795,  82.87065 ,  81.47103 ,  88.87898 ,
        80.224144,  91.22562 , 118.18959 ,  98.77936 ,  63.80715 ,
        85.40413 ,  95.77069 ,  95.2361  ,  82.54581 ,  91.96358 ,
        99.808044, 117.572914,  72.39751 ,  91.34393 ,  74.24155 ,
        88.74704 ,  92.72752 ,  64.120346, 114.860886,  97.737816,
        91.765945,  87.72066 ,  84.15296 , 101.6091  ,  58.558746,
       104.23367 ,  91.69902 ,  94.594345,  92.12622 , 101.68328 ,
        82.01785 ,  69.31737 , 100.87515 ,  91.11103 ,  92.44859 ,
        82.53911 ,  74.70017 ,  91.62831 ,  75.68799 ,  88.120804,
        90.43149 ,  98.19095 ,  78.12973 ,  78.08302 ,  74.5976  ,
        91.29195 ,  97.83008 ,  90.24477 ,  69.097046, 105.495834,
       105.43289 ,  72.6736  ,  82.45026 , 103.47862 ,  82.639   ,
        94.74214 ,  62.60562 ,  98.07887 , 100.5048  , 115.7406  ,
       111.841675,  92.78174 ,  77.15993 ,  94.2361  ,  96.672585,
        81.14708 ,  81.77802 ,  69.39984 , 102.4269  ,  92.16483 ,
        87.0614  ,  86.28343 ,  76.07948 ,  93.254   , 108.84659 ,
       100.69876 ,  80.656456,  98.857216,  70.06772 , 107.69743 ,
        92.75957 ,  68.09745 , 102.180305,  70.80476 , 120.90293 ,
       107.84691 ,  95.104576,  90.80919 ,  82.501915, 136.71838 ,
       106.268654,  99.52147 , 102.91509 , 116.8985  ,  67.48851 ,
       105.436325, 111.30409 , 106.393585,  79.83281 , 110.59761 ,
        82.52315 ,  93.136795,  95.06758 ,  99.79058 ,  93.89528 ,
        72.0975  , 106.72774 ,  90.70766 ,  94.53638 ,  85.53819 ,
        76.84671 ,  99.51993 ,  93.142914,  90.67755 ,  87.12306 ,
       103.085144,  86.72879 ,  92.33969 , 105.10846 ,  75.26312 ,
        96.18609 ,  87.5869  ,  89.329346,  81.2072  ,  93.267   ,
        85.05727 ,  81.12079 ,  70.39404 , 111.74016 ,  86.94531 ,
        85.44742 ,  88.77084 ,  89.827286,  82.64129 , 100.15768 ,
        80.17878 ,  82.212616,  94.70326 , 102.87982 , 100.003235,
       112.80752 ,  83.82033 ,  80.347275, 105.32278 ,  65.92989 ,
       102.45743 ,  88.72449 , 109.95393 , 109.824196,  90.47351 ,
        93.86336 ,  89.36211 , 101.78981 ,  91.21253 ,  88.48149 ,
        86.965866, 102.18927 ,  86.20798 ,  94.81523 , 137.14313 ,
        80.27077 ,  92.6203  , 112.78389 , 105.903595,  71.357056],
      dtype=float32), array([ 96.73042 ,  72.78688 ,  80.99287 , 103.37837 ,  82.63901 ,
        95.033   ,  82.440216, 113.55398 , 108.075325,  93.32222 ,
        98.47421 ,  80.57783 ,  88.48732 ,  93.12113 ,  87.98102 ,
        95.47868 ,  87.44596 , 102.86517 ,  81.67505 ,  84.395836,
        92.62728 ,  76.67238 ,  65.94893 ,  70.93652 , 109.06231 ,
        82.289474,  84.53084 ,  77.52434 ,  81.298   ,  84.45039 ,
        82.43096 , 105.51256 , 102.2964  ,  97.1967  ,  93.38135 ,
        75.51771 , 113.51524 ,  86.84579 ,  78.723755,  82.90686 ,
        74.46173 ,  81.61195 ,  92.563736,  96.700645,  73.49369 ,
        79.47859 ,  84.06456 ,  93.04545 ,  87.16985 ,  73.884705,
        92.47615 ,  90.591125,  93.039955, 117.69591 ,  65.53577 ,
        97.58794 ,  67.983765,  85.36264 ,  96.893555,  94.64563 ,
        99.574646,  76.79796 ,  96.220535,  98.27384 ,  88.4082  ,
       100.9066  ,  86.72041 ,  82.74375 ,  71.83758 ,  97.37889 ,
        82.691696,  78.29635 ,  99.61303 ,  95.31694 ,  86.91916 ,
        96.50324 ,  94.54987 , 103.84801 ,  81.28291 ,  83.49074 ,
       104.08476 ,  96.96765 ,  88.34808 , 114.323425, 101.70408 ,
       103.605606,  92.93292 ,  95.581985,  92.456635, 106.73068 ,
       114.14584 , 109.70403 , 101.920746,  92.82396 , 108.85687 ,
        82.60237 ,  98.30522 , 108.792984,  91.20676 ,  73.74348 ,
       103.33778 ,  96.86709 ,  78.81325 ,  96.61456 ,  81.03798 ,
        93.19267 ,  59.894287,  96.95478 , 113.86385 ,  85.18918 ,
        90.65375 ,  61.853638,  77.2366  ,  93.992645,  90.32138 ,
        97.89171 ,  88.173645,  77.85298 ,  80.02919 ,  92.22632 ,
        88.84082 ,  90.99129 ,  88.875565,  93.67017 ,  85.1788  ,
        80.47021 ,  77.28922 , 120.010864,  86.89192 ,  83.41641 ,
        84.567   ,  93.81071 ,  74.08085 ,  81.92874 ,  94.22545 ,
       105.75619 , 103.78447 ,  85.01649 ,  85.39278 ,  81.7162  ,
        73.677795, 118.61484 , 100.23975 ,  89.07674 ,  87.63759 ,
        83.14989 ,  93.75758 ,  86.147156, 102.04965 ,  95.145035,
        98.83138 ,  82.59599 ,  96.44484 , 112.576935,  91.59796 ,
        83.09709 , 101.98035 ,  93.04778 ,  92.1077  ,  95.4838  ,
        83.3918  ,  68.89243 ,  99.16257 ,  93.890274,  85.50607 ,
        99.71173 , 104.03417 ,  95.077324,  80.52197 ,  63.055492,
        85.44931 ,  84.8477  ,  88.877625,  83.650604,  93.20328 ,
        97.80667 ,  84.50321 ,  74.271454,  90.26941 ,  74.86119 ,
       112.653046,  87.62357 , 101.50757 ,  80.980804, 108.687294,
        91.25696 , 119.22328 ,  73.364456, 103.26587 , 104.82038 ,
        55.450035, 100.534134,  88.453804, 107.99217 ,  83.16626 ,
        87.22734 ,  92.726166,  81.99005 ,  86.53422 ,  75.318054,
        81.57144 ,  94.37308 ,  92.64107 , 126.54886 ,  89.440186,
        98.36792 ,  73.27964 ,  81.69535 ,  66.537506, 101.20499 ,
        74.65918 ,  99.92486 , 107.810074, 109.627205,  69.3311  ,
        90.48738 ,  94.149704, 115.91329 ,  90.18292 ,  80.27341 ,
        92.23572 ,  90.17017 ,  66.868835, 130.40797 ,  89.89807 ,
        73.682755, 100.42903 ,  81.72968 ,  84.95277 , 108.832085,
        60.57701 ,  61.628906,  60.616936,  86.43666 ,  79.14917 ,
       105.501434,  78.82922 ,  97.88024 ,  89.19955 ,  82.72505 ,
       108.196266,  85.50794 ,  89.44206 ,  81.181244, 104.927734,
        90.84363 ,  89.923004,  82.03299 ,  94.17294 ,  83.15245 ],
      dtype=float32)]
[array([101.06431 ,  99.79669 ,  99.66705 ,  82.92244 ,  84.90712 ,
        90.7115  , 107.51015 ,  84.90712 ,  85.773056, 100.2373  ,
        94.99382 , 104.61772 ,  86.56549 , 102.31781 ,  93.10234 ,
        84.44935 ,  67.63955 ,  91.78667 ,  83.75931 , 104.39578 ,
        59.190422, 109.71196 ,  97.54016 ,  99.65822 ,  90.16672 ,
       104.38832 ,  82.215576,  71.339806,  85.45055 , 108.95352 ,
        93.28679 ,  88.18947 ,  96.090866,  95.46904 ,  93.61601 ,
       104.79567 ,  85.92523 ,  93.4705  ,  78.31035 ,  88.478836,
        99.02743 ,  98.84198 ,  82.54372 ,  88.06244 ,  88.201614,
        93.197754,  98.815765,  89.71153 ,  78.840805,  97.87001 ,
        80.5811  ,  83.211716, 110.31359 ,  81.48624 ,  93.23583 ,
       102.43291 , 110.15491 , 100.443405,  90.7076  ,  84.38844 ,
        93.92548 ,  94.62097 ,  96.26778 ,  93.40729 ,  89.35422 ,
        91.05882 ,  84.44296 ,  92.0372  ,  82.411446,  93.74373 ,
       102.31277 ,  76.118645,  97.8118  ,  91.90574 , 104.6702  ,
        91.29725 , 106.60102 ,  86.34237 , 105.119125,  99.295746,
        82.590836,  85.53146 ,  85.011505, 110.91434 ,  69.62634 ,
        84.00048 ,  75.039734,  77.358505,  89.252106,  96.95477 ,
        81.73822 ,  89.578674,  88.24846 , 102.62857 ,  95.24028 ,
        91.36965 ,  73.55376 ,  84.75662 ,  79.310165,  84.77957 ,
        83.17402 ,  97.74663 ,  84.91443 ,  92.4949  ,  65.665985,
        85.59105 ,  84.16019 ,  88.67818 ,  95.99784 ,  80.078285,
        95.20781 ,  87.66936 ,  81.40979 ,  92.44465 ,  92.747986,
        73.36899 ,  86.226685, 100.514534, 100.34924 ,  94.74045 ,
        90.06588 ,  88.36855 ,  96.03525 ,  72.87842 ,  98.585915,
        74.69768 ,  84.34708 ,  84.44835 ,  86.63335 , 124.16372 ,
        84.3154  ,  92.137054,  85.00455 ,  91.29433 , 107.278564,
        86.76583 ,  78.71481 ,  98.618744,  96.08894 ,  98.44829 ,
        93.85235 , 101.45996 ,  79.26924 , 105.65707 ,  93.664505,
        97.60188 ,  69.181244, 103.09776 ,  82.99594 , 104.55295 ,
        79.71393 ,  91.40251 ,  92.69963 ,  98.58588 ,  95.86875 ,
        97.41083 ,  80.70296 , 115.11766 ,  73.78493 ,  84.53748 ,
        74.41708 ,  99.93312 ,  97.88887 , 100.20326 ,  79.75256 ,
        94.87549 ,  75.47549 , 117.2901  ,  83.78285 ,  74.61033 ,
        97.12186 ,  90.78506 ,  70.64358 ,  77.0323  ,  76.02112 ,
       103.95204 ,  83.31723 , 111.91652 ,  79.037704, 100.95921 ,
        93.492325,  91.61626 ,  88.15454 ,  85.30733 ,  80.88333 ,
        92.63736 ,  76.669075,  84.06508 ,  96.866135,  97.29143 ,
        80.61786 , 115.217316,  86.93242 , 105.87696 ,  99.22035 ,
        93.9505  ,  98.710304,  69.20725 ,  90.07017 ,  82.35158 ,
        93.84801 ,  96.20694 ,  78.973114,  93.49881 ,  87.50165 ,
        77.50878 ,  61.58448 , 120.70894 ,  84.93782 ,  95.69625 ,
        97.51692 ,  78.84039 ,  96.555466,  95.48598 ,  81.68892 ,
        79.5397  ,  76.08615 , 105.70341 ,  63.139465, 100.09517 ,
        83.577415,  89.177536,  96.21212 , 110.15491 , 102.35956 ,
        89.018524,  90.875656,  91.664   ,  87.107834,  90.56624 ,
       101.27599 ,  87.190125,  87.11454 , 107.088425,  93.79944 ,
        86.58547 ,  77.46006 ,  72.46175 , 115.52771 ,  94.32645 ,
       106.03587 , 119.072624,  86.39574 ,  92.73851 ,  82.75657 ,
       110.39876 ,  78.12842 , 100.53169 ,  84.20847 , 105.68478 ],
      dtype=float32), array([ 82.39903 ,  81.00621 ,  80.18417 ,  91.26789 , 112.45314 ,
        94.01087 ,  93.24858 ,  84.31164 ,  79.15868 ,  80.145386,
        89.67935 ,  84.318726,  89.927185, 118.42259 ,  90.194244,
        76.834076, 109.3561  ,  87.29169 ,  75.59783 , 112.73303 ,
        92.49353 ,  87.00531 ,  97.68739 ,  82.98355 ,  90.783585,
       117.50244 , 114.97345 , 120.64159 , 100.59941 ,  83.81176 ,
       102.79614 ,  86.132645,  87.43386 ,  80.65122 ,  98.83021 ,
        69.81473 ,  86.506645,  92.332306, 106.2831  ,  86.29402 ,
        74.16914 ,  79.45741 ,  83.19766 ,  89.791855,  83.219986,
        88.04831 , 100.291046,  88.56618 , 100.61917 ,  95.34448 ,
        86.50023 , 102.90101 ,  76.95696 ,  89.95946 ,  78.82561 ,
       108.66678 ,  79.29289 ,  87.879135,  78.04687 , 116.461426,
        87.91199 ,  99.81967 ,  91.118416,  87.89038 ,  96.937744,
       102.48706 ,  89.87362 ,  94.329605,  80.4766  , 120.44787 ,
       100.13396 ,  94.6855  ,  87.99739 ,  85.63913 , 103.163536,
        79.46239 ,  85.66291 ,  78.98746 ,  79.103874,  93.07973 ,
        78.13184 ,  85.187454,  90.67934 , 105.51137 , 108.07129 ,
        93.13054 , 117.386826,  97.56856 ,  94.201706,  95.71507 ,
        88.72325 ,  95.468796,  83.81726 ,  85.47946 ,  98.221466,
        89.677765,  93.68675 ,  87.77054 , 108.59549 ,  79.07594 ,
        82.54208 , 104.96657 ,  77.61831 ,  81.313034,  95.46308 ,
       108.251495, 102.55553 ,  88.60733 ,  99.150406,  73.85167 ,
       104.12138 , 102.121506,  71.995285,  95.149704,  98.54587 ,
        91.85406 , 110.763824,  95.141396,  98.6143  ,  76.896545,
        79.15356 ,  92.81148 ,  91.153694,  93.564926,  96.19456 ,
       101.04608 ,  79.25286 ,  82.78329 ,  88.63853 , 104.3956  ,
        95.00328 ,  87.513596,  79.94905 ,  92.854675,  90.16961 ,
        95.74449 ,  78.69467 , 115.66684 , 104.90793 ,  70.069595,
        92.25641 ,  69.70843 ,  86.59293 ,  86.60739 , 109.26802 ,
        94.426414,  80.85402 ,  71.24811 ,  90.09473 ,  74.12041 ,
       101.422226,  85.979126,  93.3116  ,  88.04637 , 109.32779 ,
        78.57744 ,  88.88977 ,  86.66588 ,  96.92157 ,  85.77908 ,
        93.660385,  88.35297 ,  80.17726 ,  73.17976 ,  90.80423 ,
       101.11943 , 107.13264 ,  85.04632 , 100.09405 , 106.586235,
        97.33575 ,  81.51581 , 103.540405,  88.4294  ,  81.17354 ,
        99.92804 ,  71.80092 ,  78.9243  ,  99.63701 ,  97.84143 ,
        86.688614,  97.68242 ,  88.795654,  93.16093 , 106.333595,
        73.33412 , 108.960205,  78.17935 ,  85.03136 ,  77.48383 ,
        84.91761 ,  96.83893 ,  99.17914 ,  85.3475  ,  80.37073 ,
       111.33882 , 102.88206 ,  67.680664,  87.80005 , 112.931526,
       105.21174 ,  94.98595 ,  96.34426 ,  92.164246,  90.68249 ,
       106.39055 ,  88.731705,  73.41709 ,  97.80339 ,  93.13028 ,
       108.11107 ,  94.836136,  94.54768 ,  91.84564 ,  88.619995,
        87.10678 ,  89.894646,  87.668365,  90.28935 ,  90.72551 ,
       106.16922 ,  96.11264 ,  89.38492 ,  73.443794,  86.61453 ,
        88.19905 ,  94.955734, 101.87483 ,  95.900696,  74.16461 ,
        83.995346,  76.493385,  97.38324 ,  80.80641 ,  88.12355 ,
        99.34733 , 111.042114,  73.51456 , 109.18448 ,  96.97557 ,
        80.72926 ,  89.09563 , 103.361885,  88.21092 ,  92.74661 ,
        86.533226,  83.00717 , 119.61852 , 109.48241 ,  76.522705],
      dtype=float32), array([ 91.238754, 102.25704 ,  87.319466,  75.12851 , 113.85812 ,
        97.183914, 101.01605 ,  80.3973  ,  98.303024,  85.83372 ,
        88.72974 ,  90.29407 ,  81.7609  ,  90.10317 ,  73.60091 ,
        93.5914  ,  82.85465 , 103.67113 ,  85.406204,  94.4783  ,
        98.10074 ,  76.506516,  88.089195, 119.25845 ,  94.68419 ,
        90.35423 ,  72.40526 ,  65.894936,  76.7921  ,  78.60202 ,
        93.74479 , 104.05032 ,  82.99251 ,  83.46556 ,  92.117355,
       107.46977 ,  86.88454 , 110.09305 , 112.763145,  91.50378 ,
        92.38089 ,  89.27611 , 109.9003  , 108.02281 , 114.15219 ,
       106.727486, 113.67128 ,  77.6748  ,  95.224304,  98.90903 ,
        60.59981 , 107.58768 ,  72.90327 ,  94.27391 ,  99.9538  ,
        89.88437 ,  81.10152 ,  95.88043 ,  93.75035 ,  91.42514 ,
       107.9593  ,  91.390564, 101.076935,  87.22252 ,  92.4395  ,
        69.26556 ,  73.232635,  75.663574,  91.62381 ,  88.71689 ,
        71.85344 ,  88.22566 ,  79.54108 ,  90.70787 ,  94.9256  ,
        82.507324,  92.61456 ,  81.86539 ,  98.2029  ,  73.59682 ,
        93.66159 ,  82.50537 , 102.61047 , 113.8478  ,  82.43622 ,
        70.855095,  86.4245  ,  96.926506,  86.783035,  93.5629  ,
        88.41245 ,  85.925674,  95.383   ,  83.759476,  91.699875,
        83.99814 , 104.562485,  71.65924 ,  80.80642 ,  78.33772 ,
        86.902176, 105.26436 ,  78.19654 ,  95.36513 ,  98.63298 ,
        95.39621 ,  92.92466 ,  96.98276 ,  95.01084 , 104.30249 ,
        96.87535 , 114.49784 ,  97.33703 ,  96.69025 ,  86.0493  ,
       100.9851  ,  81.73863 ,  75.76139 ,  80.79711 ,  83.90137 ,
       104.01279 , 105.4124  ,  85.12702 , 104.54375 ,  72.63808 ,
        99.41263 ,  90.22773 ,  81.99371 ,  89.87102 ,  89.34045 ,
        93.42479 ,  88.93149 ,  89.47169 ,  92.6669  ,  87.99342 ,
        85.235245,  78.653015, 109.68205 , 100.09502 , 104.31407 ,
        92.207855,  88.67098 ,  66.54438 , 103.18444 ,  88.30968 ,
        92.76811 , 101.50518 ,  84.96064 ,  92.96176 , 117.74637 ,
        85.01209 ,  90.880104, 104.05693 ,  99.65822 ,  67.78395 ,
        89.912094,  80.07065 , 104.37958 , 111.7505  ,  99.49043 ,
        95.03752 , 111.016   ,  83.7775  ,  89.77699 ,  86.291534,
        97.216965,  77.670654,  87.36355 ,  86.797   , 100.899864,
        85.287544, 105.72084 ,  89.08822 , 117.7694  ,  70.55987 ,
        82.91927 , 106.3136  ,  87.02359 ,  81.28845 ,  84.18228 ,
        85.37225 ,  95.34237 ,  91.482704,  89.93835 ,  85.1521  ,
        67.150696,  90.80005 ,  74.52721 ,  75.11131 ,  78.70628 ,
       109.822205,  91.398994,  96.77542 ,  82.494774,  83.43791 ,
       111.25458 , 123.94846 ,  69.92525 ,  96.57399 ,  69.22882 ,
        85.81685 ,  92.584335,  89.89993 , 108.72548 ,  72.27051 ,
       102.293686,  90.69231 , 102.10392 , 107.069626,  83.27127 ,
        80.91732 , 105.15076 ,  98.65186 ,  97.0629  , 108.46034 ,
        87.744125, 105.268616,  91.96333 ,  91.29611 ,  76.409485,
       101.07102 ,  95.63723 ,  95.173645, 109.9877  ,  90.73358 ,
        87.19946 ,  91.86371 ,  73.11121 ,  90.60123 ,  76.35748 ,
       106.56286 ,  87.95423 ,  84.15208 , 102.091125, 100.82315 ,
       101.408356,  85.86011 , 100.641235,  86.42842 ,  95.79704 ,
        83.03531 ,  81.63027 ,  93.43712 ,  79.68958 ,  86.97165 ,
        94.117874,  95.164185,  86.08182 , 105.99689 ,  96.81377 ],
      dtype=float32), array([ 88.66322 ,  85.88141 ,  73.70297 ,  73.43849 , 100.49861 ,
       115.95351 ,  81.087524, 110.24215 ,  73.43159 ,  85.50592 ,
        73.522446,  84.200714,  87.93219 ,  91.07435 ,  83.784874,
       102.13469 , 105.82957 ,  79.25078 ,  95.27036 ,  91.7765  ,
        71.79989 , 100.26303 , 111.62169 ,  95.54822 ,  84.67749 ,
        97.34955 ,  82.255035,  82.18663 ,  69.10175 ,  82.00146 ,
        87.21205 ,  92.572235, 108.07472 ,  81.349594,  79.364655,
        78.00023 ,  89.25903 ,  82.93596 , 104.09019 ,  88.91116 ,
        93.98212 ,  99.180725, 132.09756 ,  92.796295,  80.45537 ,
        74.632   ,  78.1252  ,  75.00074 , 106.18695 ,  89.64219 ,
       113.10947 ,  73.75188 ,  82.337166,  82.68249 , 111.70433 ,
       108.48607 ,  84.51541 ,  73.10751 ,  73.823425,  67.42628 ,
       102.04634 ,  98.97308 ,  96.26123 , 103.28853 , 106.8937  ,
        93.76263 ,  93.988   , 111.24982 , 103.07099 , 109.54293 ,
        93.728424,  83.831   ,  80.65352 ,  99.40498 ,  85.81772 ,
        88.243   ,  86.37814 ,  83.53669 , 114.41582 ,  75.30485 ,
        92.367355,  69.892166,  66.01774 , 107.62884 , 105.6481  ,
        87.743   ,  85.87302 , 101.89557 , 105.507996,  85.020966,
        76.421555,  88.51233 , 103.45879 ,  87.53911 ,  85.88646 ,
       111.29495 , 110.058975, 105.61409 ,  84.35335 ,  77.58994 ,
        84.61861 ,  98.83511 ,  79.250725,  92.82255 ,  98.76796 ,
        73.82629 ,  81.02106 ,  93.0208  , 106.48898 ,  91.31319 ,
        99.955826,  72.864334,  81.59381 ,  97.38527 ,  76.905396,
        92.6718  ,  84.10094 ,  73.99509 ,  82.618866,  66.10861 ,
        97.05501 ,  89.37048 ,  90.8918  ,  75.95085 ,  98.743774,
       108.74898 , 114.95288 ,  81.419136, 105.16321 ,  81.69769 ,
        79.442535,  73.610916,  96.43428 ,  84.35434 ,  86.409004,
        95.09794 ,  86.41345 ,  91.971176,  76.95753 ,  91.49612 ,
       105.419876,  90.27582 ,  85.30725 ,  92.48853 , 108.43294 ,
        99.92294 ,  93.66037 ,  88.656105,  86.08316 ,  90.96847 ,
       112.20232 , 106.90364 ,  82.20094 ,  90.916336,  98.08854 ,
        75.85957 , 141.46848 ,  73.78039 , 104.01909 ,  94.145676,
        98.61949 ,  99.169754,  61.508377,  84.924576,  83.6555  ,
       101.65305 ,  95.66879 ,  91.92827 , 113.07761 ,  71.95756 ,
       105.629105,  79.5829  , 102.197266,  92.66966 ,  88.5269  ,
        96.52792 ,  93.682816,  80.594215, 102.24304 , 108.10705 ,
        90.61919 , 100.19616 ,  90.761604,  91.00177 ,  84.512924,
        85.92671 ,  96.15857 ,  81.87486 ,  94.947235,  87.26366 ,
        93.65936 , 106.59242 , 110.87058 ,  66.49144 ,  66.29332 ,
        95.989784,  87.479706,  76.59755 ,  86.2412  , 100.73205 ,
        72.74226 ,  82.056625,  89.433044,  90.29168 ,  73.111206,
        89.75935 ,  82.3406  ,  87.02142 ,  88.736046,  79.21761 ,
        85.2688  , 104.68323 ,  87.37908 ,  76.81152 , 109.923615,
        98.36861 ,  76.78024 ,  87.124344,  87.22701 , 107.435326,
        82.25216 ,  89.89223 , 120.327835,  70.86034 ,  91.88127 ,
        95.21477 ,  93.25755 ,  77.49545 ,  97.33492 ,  80.78189 ,
        80.01236 ,  88.85585 , 116.245605,  90.979996,  82.45272 ,
        74.99901 , 105.703064,  83.11537 ,  99.611725,  87.59436 ,
        89.359985,  93.271614,  78.39893 ,  82.64374 ,  78.11685 ,
        99.71791 ,  98.85464 ,  82.3714  ,  88.01453 ,  53.817623],
      dtype=float32), array([ 81.47919 ,  80.07683 , 101.5799  ,  99.66477 ,  94.75316 ,
        78.98695 ,  66.54796 ,  93.461525,  86.69241 ,  79.20754 ,
        98.76311 ,  95.63925 , 106.25263 ,  95.401276, 117.93986 ,
        89.344086,  85.23907 ,  89.61875 ,  71.78117 ,  95.478546,
       113.89163 ,  69.92961 , 100.19601 ,  89.26916 ,  84.108574,
        89.62251 ,  90.37796 ,  85.80544 , 104.50804 , 103.66144 ,
       103.438225,  94.2932  ,  73.73866 ,  97.50871 ,  99.5004  ,
       106.45673 ,  89.421265,  75.547226,  97.28714 ,  86.58531 ,
        75.12068 ,  90.40694 , 100.336075,  90.22507 ,  73.462875,
        78.15311 , 101.12842 ,  86.687836, 112.0804  ,  94.68184 ,
        92.7323  ,  75.10457 , 100.98428 ,  82.20726 ,  79.87712 ,
       106.0199  , 109.62407 , 101.23457 ,  76.33922 , 108.01987 ,
        79.70615 ,  89.150406,  88.59328 ,  77.8156  , 105.22954 ,
        99.52647 ,  77.63406 ,  68.33154 , 126.837234, 106.68704 ,
        85.95291 ,  56.02057 ,  89.69259 ,  74.178925,  65.724365,
        84.12638 ,  61.846222,  84.46588 , 107.90516 ,  84.90214 ,
        87.47334 , 102.62215 ,  83.58885 ,  89.673416,  75.60242 ,
        80.72909 ,  97.199615,  70.693085, 100.41629 ,  71.957535,
        81.60217 ,  99.50444 ,  97.66541 ,  79.939964,  88.74498 ,
        85.336716,  78.70717 ,  94.303925,  89.909744,  72.19354 ,
       102.9548  ,  78.81737 ,  85.96374 ,  92.422745,  63.840103,
        91.471436,  86.010086,  83.21345 ,  92.05644 ,  84.19193 ,
        80.46264 ,  75.34807 ,  95.98369 ,  82.41116 , 109.27634 ,
        84.212814,  79.62675 ,  79.2896  ,  91.764824, 103.75908 ,
        97.52567 ,  74.59541 ,  62.02344 ,  80.11473 , 101.46865 ,
        87.90399 ,  89.94736 ,  77.30568 , 111.47987 ,  93.48256 ,
       102.51782 ,  73.29913 ,  96.71355 ,  73.36014 , 100.750244,
        98.54626 ,  89.25949 ,  92.88693 ,  88.98566 ,  83.21161 ,
       105.59415 , 100.22806 ,  80.183975,  83.115555, 106.5233  ,
        92.78247 , 103.8239  ,  92.363075,  94.67488 , 100.927124,
        98.60698 ,  88.26785 ,  91.38664 , 113.93526 ,  96.762024,
        90.255936,  93.676926,  91.0941  ,  79.052086,  91.45888 ,
        90.35447 ,  96.900055, 107.64475 ,  95.2563  , 104.053345,
        86.92533 , 105.11287 , 105.28075 , 107.67388 , 102.41719 ,
        84.48678 , 123.73064 ,  85.546135,  77.566986,  89.60284 ,
        76.886314, 101.11932 , 105.75242 ,  97.777664,  68.612076,
        81.31316 ,  93.26643 ,  79.34013 ,  77.61565 , 100.93918 ,
        94.056564, 104.758934,  99.473755,  83.69388 ,  87.70062 ,
       100.21707 ,  91.98218 ,  98.13789 ,  71.44761 ,  82.72231 ,
        79.97344 ,  77.71132 ,  92.873375,  89.304565,  83.15758 ,
       103.65162 , 106.254135, 110.5694  ,  82.72231 ,  92.999756,
        92.11122 ,  80.55405 ,  86.040115,  81.12451 ,  68.24797 ,
        91.59524 ,  91.18118 , 109.08565 ,  84.890594, 109.83318 ,
        83.68231 ,  82.87071 ,  91.864624,  94.53468 ,  86.5965  ,
        70.457306,  92.90765 ,  90.291   ,  65.449524,  67.79339 ,
        95.4194  ,  94.84497 ,  86.76405 ,  89.76192 , 116.17529 ,
        90.64386 ,  90.23193 ,  84.71931 , 103.29603 ,  99.336075,
       100.63418 ,  89.379005,  82.25227 ,  94.79006 ,  81.55682 ,
        94.15389 ,  82.2824  ,  95.77372 , 106.45673 ,  81.77345 ,
        91.84621 ,  73.72544 ,  83.425   ,  87.023224,  89.52406 ],
      dtype=float32)]
