cuts average:64.60102259318033 : 
[array(64.04218, dtype=float32), array(63.89186, dtype=float32), array(65.18436, dtype=float32), array(64.867676, dtype=float32), array(64.39568, dtype=float32)]
[array(63.91617, dtype=float32), array(63.810654, dtype=float32), array(64.81291, dtype=float32), array(65.077286, dtype=float32), array(63.17728, dtype=float32)]
[array(64.8692, dtype=float32), array(66.36916, dtype=float32), array(64.99053, dtype=float32), array(65.26782, dtype=float32), array(64.34256, dtype=float32)]
128-fix average:[ 87.86486   85.9113    90.789635  95.43538   94.89004   93.093376
  91.60164   91.3397    97.3799    87.06453   94.33422   90.30925
  91.3724    89.652954  86.70081   94.08657   93.10369   88.08089
  87.30293   90.84734   92.28659   90.16657   90.94481   90.48434
  95.82116   86.10975   87.17195   90.53052   90.9603    88.26597
  88.24379   89.56544   81.54025   92.742546  93.69008   88.14487
  81.74726   92.509575  88.39693   92.68786   85.16877   84.3977
  87.16246   94.75544   97.0775    93.614784  89.44673   88.05161
  90.77125   90.90906   91.751785  92.828224  93.74342   95.38597
  91.829994  90.75208   92.845795  87.96947   88.06393   89.520966
  84.78105   94.3351    85.35547   92.32307   94.92551   90.415924
  91.35647   86.57754   90.41109   88.13038   93.151085  95.82292
  91.41389   91.30357   85.10399   91.82604   93.27568   93.79722
  89.10367   90.48816   87.31512   96.516106  89.597755  85.240326
  91.64544   91.52448   85.16458   89.77296   85.15062   96.5496
  87.94395   92.81621   89.4896    91.40612   90.79934   93.03707
  95.36189   85.54507   90.015915  89.17067   86.28322   83.71904
  96.10634   88.33826   97.83835   86.46394   96.04729   92.28675
  89.44065   89.143     84.430534  87.74555   91.36663   88.62659
  91.475975  87.15494   91.68694   88.19328   98.54524   90.860146
  92.255104  92.02072   90.39689   87.462234  91.7481    93.748436
  90.686806  95.243675  92.88594   90.80723   92.0316    90.54561
  95.3002    95.716225  84.49609   95.428024  93.12777   87.009384
  92.709625  87.76927   89.85713   88.37193   90.92576   89.52131
  93.3843    92.58241   81.73999   90.767815  93.08506   86.74189
  90.959984  95.37553   92.83252   90.887566  92.71712   86.722786
  87.40599   89.90689   92.44143   93.78564   88.78633   91.745026
  88.55677  100.7802    91.58084   94.192795  90.92262   88.40376
  94.80443   89.57614   93.97002   90.547035  92.56694   89.718575
  89.52788   95.964516  89.47824   92.90022   91.32513   92.98073
  94.08962   92.01557   88.13112   89.422     88.66957   96.33011
  90.42309  100.09835   94.41743   85.30759   83.28959   87.53796
  92.88989   85.98357   91.34588   86.31667   82.54046   88.659584
  90.313286  91.136765  95.063965  89.47727   88.42374   92.32158
  86.48451   91.380714  91.39219   88.64583   90.221405  90.57422
  87.87986   90.73899   92.40621   88.56303   89.0015    91.13121
  92.81306   88.38736   92.70308   89.475876  86.839836  87.705185
  89.70261   93.59115   93.90757   89.8191    84.231674  87.62344
  85.83778   91.80349   86.483505  95.51151   90.85368   90.50466
  90.48809   89.25369   88.90832   87.64086   91.14843   90.70536
  84.68446   88.0819    88.29292   87.053085  90.60806   85.98371
  87.23493   96.15895   85.45699   87.87378 ] : 
[array([ 90.458664,  88.77617 ,  83.361984, 131.121   ,  69.06101 ,
       112.89619 ,  99.157974,  76.62271 ,  84.74726 ,  85.51154 ,
        88.13953 ,  96.09874 ,  86.22429 , 100.131485,  87.78566 ,
       103.32908 , 101.97516 ,  94.152435,  92.37605 ,  59.055183,
        73.18472 ,  64.605835,  88.17262 ,  84.7668  ,  95.26736 ,
        81.725296,  87.848694,  94.51709 ,  97.0479  ,  90.69118 ,
        60.425102,  87.14502 ,  77.27789 ,  94.67784 , 105.543076,
        97.303894,  77.59015 ,  86.24197 , 131.30899 ,  94.267044,
        95.303894,  78.15909 ,  81.43236 ,  79.27308 , 110.94743 ,
        84.16838 ,  63.47691 ,  79.73964 ,  94.74728 ,  99.95795 ,
       101.27911 , 107.507515,  91.43858 , 103.89109 ,  92.34743 ,
        96.51352 ,  86.87738 ,  90.417755,  78.145256,  85.1895  ,
        93.62048 , 107.64116 ,  99.247345,  78.71014 ,  76.5807  ,
        93.15732 ,  84.865585,  76.0414  ,  83.957016,  87.101776,
        94.669464,  86.55295 , 101.57627 ,  97.20531 , 107.86502 ,
        91.95945 ,  81.547325, 122.18022 ,  88.91762 ,  86.42618 ,
        81.465324, 132.55974 , 110.02999 ,  88.36839 , 107.63989 ,
        82.98085 , 103.00026 ,  93.58591 ,  79.78325 ,  98.1375  ,
        86.97077 ,  96.84274 ,  99.277176,  77.004005,  92.76071 ,
        94.76582 , 103.379295,  94.67308 ,  97.3425  , 108.67206 ,
        83.00685 ,  86.42296 ,  90.497635,  97.03288 , 146.44464 ,
        90.633286, 111.56044 , 121.527084,  88.51492 , 105.32962 ,
        77.536125,  94.24006 ,  86.016685,  98.31237 ,  85.47587 ,
       101.89645 ,  95.17624 ,  87.23198 ,  88.97908 ,  90.147766,
        93.79013 , 105.88186 , 107.21588 , 103.812805,  98.079414,
        80.55007 ,  87.01042 ,  82.96628 , 102.69104 ,  85.5861  ,
        94.80862 ,  80.76819 ,  84.67063 , 106.08659 ,  77.41623 ,
        89.913994,  95.81804 ,  88.62572 ,  89.23795 ,  75.15454 ,
       102.54707 ,  88.86536 , 108.10184 ,  98.91246 , 127.26086 ,
        95.46178 ,  94.65872 ,  84.16851 ,  96.7458  ,  86.83858 ,
        92.65681 , 116.65548 ,  93.634705,  88.06845 ,  74.61276 ,
       113.24295 ,  96.79323 ,  82.404526,  94.52411 ,  73.456604,
        89.590225,  71.708244, 100.40451 , 104.093094,  76.82478 ,
        95.584   ,  87.76675 ,  90.45531 ,  80.13884 ,  76.46207 ,
        87.00877 ,  90.34972 ,  98.23751 ,  77.04209 ,  76.92395 ,
        99.8519  ,  79.64517 ,  93.13958 ,  81.71257 ,  97.65492 ,
        84.17032 ,  96.96649 , 100.103355, 106.74701 , 103.37432 ,
       107.955734,  83.785324,  91.10837 , 123.1429  ,  70.5614  ,
        64.24566 ,  85.88125 ,  77.68919 ,  76.59599 , 103.336624,
        91.095474,  90.14679 ,  94.15903 ,  85.65285 ,  77.063194,
       135.41916 ,  69.94439 ,  94.06241 ,  78.040726,  85.04793 ,
        86.27605 , 111.95914 ,  86.72688 ,  82.782776, 103.84842 ,
        79.13249 ,  96.145355,  84.63745 ,  77.41014 ,  80.3813  ,
       102.79023 , 103.19406 ,  82.18564 ,  92.36392 ,  90.161896,
        74.05434 ,  87.817215,  92.7169  ,  95.18474 ,  74.3882  ,
       104.66353 ,  69.0274  ,  79.13381 ,  93.26729 , 116.35336 ,
        94.52536 , 118.502426,  92.63011 , 116.19508 ,  71.876274,
        83.05594 ,  72.098404,  83.60834 , 122.991455, 107.76158 ,
        73.532166,  82.104385,  91.02797 ,  79.988304,  89.141205,
        86.054886,  85.877   ,  80.981186,  84.46716 ,  84.02379 ],
      dtype=float32), array([109.92714 ,  88.31613 ,  79.836075,  90.13658 , 105.78807 ,
        93.248695,  79.920395,  83.27637 ,  84.37378 ,  73.28374 ,
        80.735825,  79.68088 ,  98.83893 ,  78.357574,  66.83148 ,
       129.73068 ,  90.50334 ,  91.986374,  53.912518,  84.4059  ,
        92.244705,  86.47893 , 113.38684 ,  90.43465 ,  96.28118 ,
        92.34143 ,  79.684006,  98.064575,  98.20109 ,  90.15731 ,
       104.63358 ,  62.36627 ,  73.64014 ,  72.852615,  83.67772 ,
        83.33054 ,  70.33246 ,  86.454865, 134.15897 , 107.81952 ,
        67.156815, 105.43825 , 106.17354 , 113.424904,  86.8495  ,
       104.78395 ,  93.4701  ,  83.41324 , 103.1194  ,  92.71658 ,
       100.159805,  91.96652 , 112.413574,  99.417694,  82.89992 ,
       100.98781 ,  90.97626 ,  99.87581 , 107.640366,  95.990326,
        77.89631 ,  93.56903 , 112.252975,  79.06208 , 103.7797  ,
        78.68709 , 107.379974,  84.20463 ,  79.94654 ,  81.45589 ,
        78.4236  , 107.299355,  94.47467 ,  86.19624 ,  77.89636 ,
        82.79697 ,  86.42994 ,  91.351074,  78.31621 , 100.314606,
        86.95587 ,  99.003876,  70.63263 ,  58.360786,  83.06383 ,
        71.60512 ,  75.50043 ,  82.83016 ,  78.48396 ,  92.58925 ,
        84.075195, 103.011635, 102.42761 , 113.17978 ,  90.34897 ,
        84.80083 ,  89.13934 , 103.20677 ,  92.9375  ,  84.83813 ,
        81.4905  ,  85.06403 ,  98.56969 , 103.783905,  98.54861 ,
        88.316025,  75.2728  , 114.44758 , 105.722244,  91.17013 ,
        67.56735 ,  83.063965,  89.144745, 115.99098 ,  76.81996 ,
        78.0198  ,  82.231865,  94.77682 ,  86.721146,  87.39019 ,
        91.016525,  88.14356 ,  99.5688  ,  74.928856, 104.37466 ,
       110.866806,  85.5806  , 121.97727 ,  81.70536 , 103.62963 ,
        78.536476,  82.22569 ,  86.007706, 102.90487 ,  92.26724 ,
        79.8359  ,  90.11453 ,  79.83406 , 103.696594,  97.24905 ,
       103.24553 ,  99.32993 ,  74.68771 ,  72.758896,  98.5125  ,
        71.55092 ,  99.58655 ,  82.598145, 103.18239 , 119.60626 ,
        80.862724,  84.75795 ,  74.772446, 105.45792 ,  90.986115,
       114.68759 ,  95.89723 ,  84.78606 ,  85.890526, 105.85819 ,
        72.89447 ,  91.580414,  89.3001  , 116.08702 , 105.77304 ,
       102.87192 ,  90.10153 , 126.26583 ,  94.010475,  82.15216 ,
       148.743   ,  82.653366, 112.60898 ,  76.83742 , 100.765076,
       110.53342 , 117.07742 ,  63.855988,  97.110535,  95.82214 ,
       130.34564 , 105.53775 ,  85.34961 , 116.30626 , 102.67901 ,
       119.37779 , 110.07024 , 107.32097 ,  89.5302  ,  91.229614,
        87.35803 ,  78.34103 ,  79.059845,  99.70857 , 100.83333 ,
        85.87721 ,  86.90756 , 100.85331 ,  77.06423 ,  87.20061 ,
        98.84766 ,  83.02374 ,  80.57303 , 104.387115,  96.35977 ,
        92.48651 ,  79.228   ,  65.60635 ,  85.90785 ,  84.200424,
       101.34004 ,  83.879364, 100.27289 ,  85.63513 ,  89.098724,
        81.70091 ,  90.13156 ,  80.4666  ,  81.81218 , 100.82965 ,
        88.27272 ,  93.078995, 111.89342 , 100.98899 , 112.03444 ,
        73.8965  ,  99.82245 , 105.376434,  99.80912 ,  91.84837 ,
        90.1687  , 112.4115  ,  75.82849 ,  99.5246  , 104.515945,
        78.17215 , 105.796295, 103.62392 ,  76.06382 ,  92.673325,
        80.38057 , 104.37645 ,  91.795334,  92.90264 , 109.710365,
        78.89311 ,  90.623856,  96.45727 ,  69.0975  ,  90.21179 ],
      dtype=float32), array([101.66873 ,  73.23071 , 100.505356,  99.26871 , 104.1447  ,
        88.446045,  89.60073 ,  91.52771 , 103.178986,  84.53161 ,
       109.665695,  67.69188 , 103.459465,  74.488525,  91.425674,
        96.82977 ,  72.04002 ,  80.22168 ,  78.81149 , 111.60484 ,
        88.528244,  92.17056 ,  82.737625,  76.996544, 115.21446 ,
        83.16113 ,  79.03506 ,  82.507935,  89.43091 ,  70.3786  ,
        88.447464,  90.32515 ,  94.62253 , 105.411316,  82.826416,
        99.124725,  70.71312 , 103.84147 ,  88.61459 , 110.77314 ,
        82.86925 ,  83.25374 ,  71.118256,  96.03915 ,  88.1823  ,
        82.84632 ,  96.27733 ,  80.47533 ,  85.52942 ,  76.9268  ,
        88.39833 , 100.17835 ,  51.056583,  88.14036 , 117.16029 ,
        71.92819 ,  98.29059 ,  97.071655, 106.29347 ,  93.77002 ,
        81.4157  ,  95.04808 ,  82.05832 ,  93.20787 ,  72.06697 ,
        90.84145 ,  94.6654  ,  85.21883 ,  83.38838 ,  87.6192  ,
        87.33029 ,  98.343124,  96.14987 ,  95.13487 ,  80.904465,
       105.52335 ,  79.086555,  93.238815,  70.34177 ,  87.00779 ,
        74.17555 ,  69.89642 ,  90.92625 ,  77.40923 ,  96.97897 ,
        80.1129  ,  76.857956,  95.01601 ,  79.11916 , 109.73358 ,
        68.178925,  91.40647 ,  68.396   , 104.55501 ,  71.54116 ,
        90.09687 ,  77.14748 ,  73.56445 ,  90.15239 ,  84.3903  ,
        74.78065 ,  79.81083 ,  90.09305 ,  96.883575,  84.97197 ,
       108.44635 , 104.37668 ,  92.00314 , 117.88413 ,  80.20791 ,
        80.011795,  99.02071 , 110.5103  ,  84.93902 ,  84.20476 ,
       105.49333 ,  98.489685,  87.61066 , 112.15846 ,  91.62865 ,
       116.08681 ,  72.72955 ,  87.22568 , 118.386765,  86.362976,
        79.7399  ,  89.51239 ,  84.90265 ,  96.911255,  84.39345 ,
        87.249626,  97.72688 , 107.2381  , 103.03271 ,  82.96182 ,
        87.14806 ,  67.463135,  77.95363 ,  97.93542 ,  75.196075,
        84.35965 ,  94.601776,  97.89268 ,  91.25873 ,  81.74774 ,
       105.32259 ,  86.34357 ,  83.56304 ,  86.513626,  68.09141 ,
        81.265396, 116.49511 , 111.04422 ,  98.68183 , 102.16655 ,
        77.38179 ,  83.90987 ,  97.022   ,  94.664825,  91.1021  ,
        88.04902 , 101.63048 ,  97.32316 ,  78.8774  ,  98.447685,
        91.11149 ,  87.42441 ,  87.28117 ,  85.31357 ,  88.13637 ,
        89.54446 ,  93.19533 ,  82.483086,  92.54336 ,  75.99846 ,
        95.78484 ,  92.36362 , 100.41002 , 124.9725  ,  93.48572 ,
        93.42426 ,  91.728485,  97.19294 ,  97.55202 ,  89.34625 ,
        96.37825 ,  83.234314,  92.62775 ,  88.620605,  73.37523 ,
        80.72215 ,  87.807205,  70.471664,  78.40054 ,  87.6879  ,
        85.33188 ,  98.81164 , 100.66537 ,  96.34335 ,  94.28233 ,
        76.54927 ,  94.229126,  60.1064  , 123.65506 ,  89.754684,
        95.41798 ,  86.09286 , 107.889595, 101.60916 ,  87.08268 ,
        97.567535, 127.42259 ,  91.94047 ,  93.48332 ,  81.25031 ,
        75.547775,  97.8593  ,  78.537025, 111.20096 ,  98.25345 ,
        97.896805,  84.16873 ,  96.52312 ,  94.562744,  99.057495,
        94.73099 ,  70.0843  ,  54.76996 ,  87.31313 ,  87.71898 ,
        73.86873 ,  91.66109 , 103.542435,  85.08156 ,  87.113235,
        91.292946,  83.330154,  74.7556  ,  75.396774,  94.88333 ,
        97.95224 ,  85.82492 ,  88.330414,  96.41712 ,  83.81876 ,
        78.2298  ,  70.773094,  88.26099 , 118.26631 ,  75.84909 ],
      dtype=float32), array([ 76.511734,  74.13548 ,  91.2753  , 103.72064 ,  66.06977 ,
       122.5585  ,  71.37718 , 103.82598 , 125.37819 ,  81.7224  ,
       103.9442  , 110.20302 ,  97.99489 ,  90.13654 ,  81.97847 ,
        78.12605 , 105.89589 ,  89.85425 ,  96.411575,  86.78949 ,
        84.059525, 108.88521 ,  92.30998 ,  98.29258 ,  87.59256 ,
        92.269806,  90.622955,  97.0486  ,  90.35333 ,  83.0219  ,
        83.34328 ,  75.26355 , 106.3044  , 107.779434,  94.38157 ,
        85.813416,  75.31434 ,  97.88321 ,  62.93669 ,  85.885025,
        82.30122 ,  89.32811 ,  76.26813 ,  84.3059  ,  93.34092 ,
        82.67546 ,  71.202194,  94.78133 ,  95.76923 , 106.553085,
        87.58414 , 109.218185,  93.502304, 102.77002 ,  87.73926 ,
       100.70998 ,  92.82085 ,  84.73676 ,  79.96063 , 101.26013 ,
        82.40079 ,  78.87632 ,  92.37775 , 100.449165, 108.789536,
       112.97327 ,  90.12126 ,  89.56766 ,  95.35646 , 119.26533 ,
        87.563194,  94.863754,  82.48525 ,  88.333954,  72.15216 ,
        84.00018 , 126.85991 ,  86.52807 ,  80.42502 ,  87.224396,
        91.58521 , 107.5701  ,  86.6127  ,  76.36496 ,  86.51326 ,
        84.7115  ,  98.41015 ,  84.39282 ,  88.12375 ,  98.74742 ,
       101.9032  ,  88.22485 ,  98.57359 , 111.18067 ,  80.71028 ,
        77.38931 ,  85.70172 ,  83.91409 , 104.59612 ,  93.0357  ,
       117.492485,  98.4962  ,  95.20735 ,  90.1465  , 100.26512 ,
        77.499146,  89.73483 ,  81.87229 ,  98.738525, 119.19288 ,
        65.266495,  82.991554,  80.10116 ,  94.19975 ,  95.52553 ,
        74.1929  ,  95.11248 ,  68.09149 ,  80.48265 , 111.489265,
       102.07379 , 102.1534  ,  86.49434 ,  75.292465, 104.780304,
       117.97139 ,  93.78436 , 111.74956 , 108.20682 , 112.61145 ,
        82.657646, 100.132996,  67.76312 ,  71.616264,  71.793755,
        79.89262 , 100.1004  ,  82.83275 ,  99.93315 ,  97.9769  ,
        75.64116 ,  76.87536 ,  71.73841 ,  82.5336  ,  86.23671 ,
        90.13654 ,  65.13545 , 103.82951 ,  82.86206 , 103.957794,
        82.473915,  99.60051 ,  86.73384 ,  97.055534,  74.85338 ,
        90.12894 ,  76.1995  ,  88.26279 ,  96.57546 , 108.08576 ,
        83.29232 ,  79.163734,  82.82921 , 115.684265,  82.43741 ,
        89.64958 ,  92.81637 ,  79.288246,  90.33169 ,  82.44742 ,
        94.77861 , 100.94469 , 113.25924 , 114.57707 , 132.58203 ,
       117.218216,  93.22917 , 110.641174,  71.6873  , 111.84326 ,
        80.68936 ,  82.01827 ,  88.11935 ,  94.63387 ,  80.09521 ,
        84.70401 ,  90.549255, 102.04401 ,  82.57708 ,  74.55687 ,
        66.53414 ,  91.859436,  91.97419 ,  90.089096,  70.91426 ,
        84.05081 ,  90.15284 ,  63.389084,  73.229225,  98.168205,
        79.607254,  77.62364 ,  99.24075 ,  84.691536,  93.31571 ,
        84.51367 ,  95.88134 ,  88.94092 ,  79.65127 ,  93.54596 ,
        80.769104,  86.4263  , 104.36706 ,  80.95189 ,  90.05493 ,
        59.650482,  88.552155,  96.63074 ,  85.580444,  97.00154 ,
        87.01111 ,  93.12279 ,  94.15791 ,  89.00969 ,  97.30905 ,
       129.57431 , 106.8929  ,  89.445786,  72.32683 , 113.76036 ,
        82.406075,  83.96911 ,  95.301025,  70.21608 ,  68.50627 ,
       104.05319 ,  67.716644,  99.72095 ,  68.85443 ,  99.3681  ,
        83.217285,  88.10434 , 102.66968 ,  94.02515 ,  91.80104 ,
        92.35521 ,  77.4091  ,  81.85542 ,  79.66948 ,  64.51514 ],
      dtype=float32), array([ 70.455284, 100.32843 ,  96.393265,  86.83498 ,  80.89371 ,
        87.55759 , 101.82448 , 101.76518 ,  95.33469 ,  88.28426 ,
       101.10475 ,  80.938156, 102.688255,  86.6875  ,  83.47227 ,
        97.65057 ,  91.17949 ,  95.117966,  86.1335  ,  97.24045 ,
       105.84729 ,  85.84251 ,  78.41835 ,  88.63955 , 100.882614,
        77.5682  ,  89.70245 ,  86.12549 ,  88.72482 ,  88.43492 ,
        91.17662 , 101.24484 ,  71.55658 ,  91.17215 , 108.39717 ,
        83.00798 ,  81.28932 , 107.29296 ,  83.315704,  90.38234 ,
        76.428795,  79.1322  ,  77.02576 ,  78.376175, 110.06326 ,
       101.455215,  81.41557 ,  90.734634, 101.447426, 113.38684 ,
        96.252045,  78.74954 ,  78.14526 ,  69.96881 ,  68.41585 ,
        84.92064 ,  93.725685,  93.15725 ,  83.60443 ,  82.15228 ,
       100.18649 , 121.490234,  86.51227 ,  91.50662 ,  91.56419 ,
        93.06882 ,  85.721954,  79.35309 ,  78.52791 , 101.135086,
       102.64087 ,  86.429955,  95.56749 ,  85.81314 ,  83.52469 ,
        91.98877 ,  93.546295, 102.02899 , 104.805176,  90.1747  ,
        74.073975,  92.5708  ,  99.894714,  83.58836 ,  96.406265,
        99.23187 ,  64.75517 , 101.65498 ,  94.622574, 106.24634 ,
        90.81071 ,  64.55536 ,  86.655304,  66.16237 ,  93.41786 ,
       113.095184, 116.59691 ,  70.63269 ,  98.0526  , 114.31375 ,
        91.628006,  77.68222 ,  96.59379 , 131.34692 , 111.87124 ,
       100.34939 , 122.44603 ,  85.47635 ,  84.57878 , 102.080734,
       123.10521 , 100.4277  ,  88.20366 , 105.43593 ,  81.3066  ,
        85.17495 ,  79.920456,  97.31102 , 111.9942  ,  88.14049 ,
        82.19064 ,  87.66194 ,  91.87928 , 103.30431 ,  98.256836,
        89.10719 ,  84.489044,  98.548256,  89.10513 ,  76.36383 ,
       101.397354,  82.67108 ,  99.87172 , 110.51976 ,  59.171814,
       109.64841 ,  79.92575 ,  73.01129 ,  81.709335,  81.604324,
        94.732666,  87.15397 ,  88.67784 , 104.049255,  96.46983 ,
        88.37427 ,  88.93814 , 115.748276,  74.19977 ,  71.89087 ,
       100.98782 ,  78.87523 ,  95.4178  ,  93.47095 ,  81.70877 ,
        70.91763 , 100.54666 ,  93.11328 ,  75.81256 ,  81.98327 ,
        77.51653 ,  89.523674,  94.909065, 119.75238 ,  84.31056 ,
        95.997116, 100.1703  , 102.04334 ,  98.49626 ,  71.98694 ,
        97.9549  ,  95.806015,  81.216095,  94.20868 ,  74.30799 ,
        90.68834 ,  81.18202 ,  93.22246 ,  90.71754 ,  77.11617 ,
        89.539505,  85.63595 ,  78.180084,  79.46352 ,  62.005615,
        77.72475 , 113.862274, 100.21949 , 102.97945 ,  86.04407 ,
        95.03122 ,  75.6537  ,  77.15763 ,  79.385826,  75.93643 ,
        84.41112 , 106.373474,  95.77878 , 103.39264 ,  87.78292 ,
        93.91867 ,  75.08949 , 103.95357 ,  77.8648  ,  83.66199 ,
       100.05856 ,  84.075226,  81.801025, 117.13661 ,  92.23291 ,
        89.81529 ,  94.772354,  82.15228 , 102.7098  ,  86.17131 ,
        88.23205 ,  76.98988 ,  80.302414,  99.059296,  82.67972 ,
        95.61427 ,  89.945015,  94.29185 ,  90.99749 ,  80.32055 ,
        74.35809 ,  84.59662 , 101.99242 ,  79.94585 ,  84.72029 ,
        88.55531 ,  96.2193  ,  73.95494 ,  77.83519 ,  77.62364 ,
        84.31733 ,  93.91    ,  92.796844, 108.49236 ,  88.295784,
        77.88698 ,  80.7018  ,  86.85527 ,  92.79608 ,  81.76871 ,
        92.888885,  85.58794 ,  96.91878 ,  72.88008 ,  88.88638 ],
      dtype=float32)]
[array([103.191284,  87.47757 , 100.56817 ,  86.11639 ,  99.44467 ,
        68.21533 ,  74.707184, 102.00199 , 101.95862 ,  86.862045,
        99.20378 ,  96.6501  ,  93.666534, 114.000656,  82.72706 ,
        93.29414 ,  88.3105  ,  83.01462 ,  76.77762 ,  77.78269 ,
        89.98059 ,  92.76088 ,  75.83684 ,  95.24439 ,  85.75905 ,
        94.0706  ,  92.452515,  90.18245 ,  96.92554 ,  89.82742 ,
       121.55121 , 107.96514 ,  73.11337 ,  95.26376 ,  92.35253 ,
        75.55639 ,  96.41016 , 121.45317 ,  93.842865,  79.025085,
        99.933395,  83.61549 ,  82.94707 ,  84.47164 ,  86.09874 ,
        91.476746,  99.44467 ,  78.6536  ,  73.85518 ,  70.05882 ,
       100.90547 ,  88.97533 , 142.48776 , 109.71802 ,  86.7544  ,
       115.42428 , 103.14862 , 103.806046,  83.86085 , 100.73328 ,
        75.10466 , 104.632515,  80.934494, 108.08956 ,  83.34372 ,
       110.32225 ,  99.497734,  90.9326  , 102.77907 ,  60.94934 ,
        87.24711 ,  81.11742 ,  61.52063 ,  92.59521 ,  92.13936 ,
        76.46585 , 114.06943 ,  96.053085, 103.11011 ,  71.119606,
        80.293976, 122.95373 ,  80.341   ,  87.89508 ,  81.854324,
        90.18156 ,  75.14022 , 104.16386 ,  83.753204, 107.67868 ,
        83.77162 ,  92.65268 ,  61.794548,  98.419395,  99.01982 ,
        96.320564, 116.80441 , 118.60068 ,  95.36792 ,  81.78072 ,
        97.55913 ,  82.194725, 114.516975,  65.35889 ,  92.39797 ,
       102.1506  ,  73.0554  ,  80.7674  , 109.56972 ,  80.10069 ,
        67.364975,  76.55295 ,  94.439545,  82.31504 , 122.378136,
        94.57136 ,  75.52283 , 116.46725 , 111.23213 ,  86.86107 ,
       132.2226  ,  90.36662 , 103.43402 ,  69.62605 ,  85.31361 ,
       110.30859 ,  95.88373 , 101.84999 ,  92.16257 ,  90.61168 ,
        97.82597 ,  91.421036,  89.90268 ,  80.61831 ,  93.386925,
        88.252686,  90.90682 , 105.31732 , 104.43763 ,  69.35393 ,
       113.43772 ,  90.98137 ,  86.804535, 106.076355, 101.902466,
        86.21088 ,  80.42946 ,  73.18852 , 100.22131 ,  88.90796 ,
        98.392   ,  90.506   ,  80.51369 ,  77.010925,  82.95538 ,
        83.79325 , 106.056725,  81.35911 ,  98.73546 ,  96.44467 ,
        78.56827 ,  83.179825,  80.93303 , 104.95528 ,  89.22751 ,
       103.73932 , 115.0837  , 108.122635, 128.27818 ,  91.564575,
        94.43227 ,  67.8361  , 104.67379 ,  81.4009  ,  93.15012 ,
        88.10817 , 109.2047  ,  96.45752 , 114.92641 ,  80.69473 ,
        99.292206, 101.62927 ,  87.163086,  75.73253 ,  95.760155,
       101.13597 , 106.932785,  94.917336,  86.33093 ,  84.17206 ,
        93.436844,  92.907234, 108.74191 ,  93.211945,  90.21857 ,
        78.74796 ,  90.08828 ,  80.31498 ,  73.4276  , 104.88635 ,
        84.80146 ,  92.1999  ,  75.83559 ,  79.75029 ,  72.61043 ,
        83.49092 , 111.98797 ,  53.737946, 116.92905 ,  92.14131 ,
        99.280945,  79.34879 ,  90.62343 ,  99.60213 ,  79.66361 ,
       100.24309 ,  82.464745, 103.07768 , 117.688126,  80.23207 ,
        91.84047 ,  90.978455,  87.99382 ,  87.66954 ,  88.99339 ,
        92.33214 ,  86.67009 ,  75.37655 ,  98.90578 ,  84.244705,
        68.547226,  90.033844,  80.809845,  86.5982  ,  93.39665 ,
        92.764175,  80.576965,  80.85408 ,  85.04173 ,  95.27115 ,
        90.65105 ,  96.073135,  88.484665,  88.765076,  92.03553 ,
        93.71041 ,  94.18803 , 120.39099 ,  55.8794  ,  82.29814 ],
      dtype=float32), array([ 96.19606 ,  66.099945,  81.96112 , 101.996765, 109.14646 ,
        75.50423 ,  95.97212 ,  79.85125 ,  95.58647 , 110.51139 ,
        96.601746,  81.921005,  98.875435,  87.5676  ,  89.482376,
        81.09673 ,  96.56938 ,  79.37125 ,  75.049484,  74.16531 ,
       103.03845 ,  73.785164,  97.17586 ,  61.456177, 112.7511  ,
        83.40587 ,  61.112648,  90.905716,  94.892586,  93.425476,
        91.2408  ,  72.77121 ,  90.12027 ,  70.02447 ,  81.24348 ,
        79.99133 ,  77.1673  ,  81.87102 ,  81.72662 ,  89.04596 ,
        89.10551 ,  69.86232 ,  61.269455, 103.06914 ,  79.041626,
       110.1499  ,  90.941895, 102.46667 ,  83.76503 ,  82.88233 ,
        83.83061 , 100.85507 ,  96.50728 , 105.976654, 115.713776,
        96.88992 , 104.30549 ,  94.59805 ,  74.74621 ,  82.88957 ,
        74.97039 ,  76.51686 ,  75.212234, 102.98259 , 108.36516 ,
        85.99851 ,  93.92112 ,  87.163055,  95.05702 ,  93.5574  ,
        89.99965 ,  98.409645,  97.75062 ,  92.14549 ,  89.37725 ,
        72.14006 ,  82.05644 ,  99.85535 ,  74.780396,  92.556694,
        82.83693 ,  82.98782 ,  72.57654 , 102.186844, 101.667564,
        92.4391  , 101.0725  ,  85.19171 ,  92.20702 ,  98.233025,
       100.012276,  91.27951 ,  90.3208  ,  90.19545 , 112.757904,
        94.79535 , 132.64084 , 103.43964 ,  86.13864 ,  92.09274 ,
       104.37718 ,  63.90558 , 110.08165 ,  73.778564,  83.55166 ,
        61.146355,  95.63093 ,  88.778   ,  87.11076 ,  80.190315,
        80.486046, 114.15845 ,  91.56001 ,  82.26921 ,  73.785164,
       103.83555 ,  99.41356 ,  88.80859 , 101.79654 ,  81.64981 ,
        97.95682 ,  92.73172 ,  83.6965  ,  86.33481 ,  93.890945,
        82.82678 ,  93.83031 ,  89.82745 ,  83.394455, 103.44324 ,
        89.9463  , 114.24263 ,  88.59625 , 102.27612 ,  91.60098 ,
       113.64555 ,  98.03633 ,  83.364914,  83.76105 , 107.24689 ,
        65.26234 , 100.296295,  77.59363 ,  86.77525 ,  94.91087 ,
        71.78666 ,  75.868195,  89.38251 ,  77.69856 ,  81.998505,
        90.971954,  87.35736 , 104.45711 ,  83.44083 , 109.99683 ,
        97.93031 ,  97.03946 ,  73.01076 , 110.16258 , 104.84505 ,
        77.50375 , 105.725655,  81.371704,  90.55745 , 103.64577 ,
        80.765656,  93.01433 ,  89.30912 ,  95.24382 , 105.46288 ,
        79.5798  ,  81.42142 , 116.41105 , 111.1563  ,  68.38901 ,
        87.511246,  83.14108 , 100.714386,  96.389694,  86.40227 ,
        95.78931 ,  94.84395 ,  91.40645 ,  84.24835 ,  77.51092 ,
       104.31511 ,  62.606583, 122.80859 ,  90.90186 ,  92.70017 ,
        83.75903 ,  72.111496,  86.7148  ,  93.62919 ,  87.085556,
        84.88199 ,  36.137962,  87.1089  ,  74.07514 , 106.2052  ,
       127.23836 ,  71.81795 ,  75.837906, 106.653755, 107.78339 ,
        88.97109 ,  84.22571 ,  92.51114 ,  91.75415 ,  89.558846,
        78.900566,  84.87546 ,  98.39195 ,  66.93927 ,  81.847565,
        87.44075 , 115.3749  ,  88.51605 ,  67.58046 ,  86.780304,
        82.28946 ,  98.588   , 111.11095 ,  75.36607 ,  84.93704 ,
        92.52911 ,  93.54109 ,  93.16292 ,  99.57684 ,  87.80786 ,
        89.347084, 111.03511 , 113.4377  ,  91.40406 ,  82.29212 ,
        71.7139  ,  93.471085, 121.03398 ,  93.36074 ,  70.80513 ,
        81.2259  , 100.56664 ,  88.295074,  71.7139  , 107.196014,
        76.34337 ,  83.222786, 105.708405,  96.62431 ,  78.75491 ],
      dtype=float32), array([105.46092 ,  80.31581 ,  81.587456, 120.95905 , 100.2943  ,
        73.46929 , 105.6722  , 110.43486 ,  85.8598  ,  82.18733 ,
        76.1091  , 105.1137  ,  80.65437 ,  99.66908 , 122.35777 ,
       104.92099 ,  81.13594 ,  76.644516,  90.23651 , 101.56987 ,
        92.94282 ,  91.03959 ,  89.75159 ,  78.10641 ,  98.75171 ,
        80.23578 ,  80.75911 ,  81.80517 , 117.01995 ,  86.79547 ,
        85.50819 , 101.58589 ,  70.26728 ,  56.7302  ,  80.15808 ,
        92.13574 ,  93.032875,  81.524155,  72.73577 , 105.92572 ,
        78.44838 , 119.08934 ,  99.95256 ,  95.50238 , 103.54527 ,
        99.47412 ,  76.186066,  85.1918  ,  88.85385 ,  94.59268 ,
        92.73891 ,  91.802505,  88.94679 ,  83.85445 ,  69.300224,
        77.88536 ,  80.96977 ,  86.01401 ,  83.40495 ,  88.26134 ,
        85.66134 ,  99.32637 ,  84.29623 ,  60.85314 , 113.20828 ,
        76.79213 ,  93.78856 ,  93.9146  , 108.44586 ,  54.460617,
       104.7036  , 106.41705 , 107.44336 ,  87.585526,  83.82918 ,
       102.64679 , 107.37341 ,  83.461716, 106.44427 ,  81.66231 ,
        97.80493 ,  81.414375, 109.13249 ,  82.25108 , 101.6638  ,
        84.99815 ,  99.84334 , 106.7387  ,  91.54375 ,  78.02579 ,
        98.526566,  89.622505,  62.281807,  67.80766 ,  89.96651 ,
        99.66372 ,  77.69256 ,  96.778824,  74.26988 ,  82.04549 ,
        70.28263 ,  79.7374  , 129.73627 ,  85.3254  , 111.34503 ,
        67.293564,  97.691345,  87.48189 ,  67.16386 ,  94.41844 ,
        70.09276 ,  78.84587 , 110.08394 ,  65.55465 ,  90.70061 ,
        86.12135 ,  84.26071 ,  74.63843 ,  84.176956,  86.23845 ,
        90.09874 ,  81.59516 , 101.62924 ,  77.53882 ,  92.008514,
        97.48127 ,  77.0271  ,  83.53404 , 108.87126 ,  82.54617 ,
        97.75755 ,  84.5785  , 102.4066  ,  96.18248 ,  89.0083  ,
        92.930954,  76.43317 ,  90.55574 ,  84.37065 ,  72.97613 ,
        79.31065 ,  77.059326,  85.00412 ,  82.95312 ,  83.6129  ,
        89.73783 ,  87.44501 ,  98.825066,  80.106384,  79.63066 ,
        96.5611  ,  90.703316,  87.98291 ,  98.95782 ,  87.36014 ,
        83.90283 ,  83.0957  ,  99.619026, 101.57518 , 101.774826,
       106.50763 ,  96.47849 ,  76.80971 , 102.762054,  68.39113 ,
        98.880936,  87.16618 ,  99.38252 ,  87.36267 ,  90.438385,
        77.66846 ,  91.10517 ,  80.586685,  72.971146, 114.8051  ,
       129.74786 ,  88.216545,  90.95799 ,  85.44177 ,  90.85708 ,
       102.307465,  83.19925 ,  81.38805 ,  81.86389 ,  80.05344 ,
        90.568726,  85.48772 ,  91.08764 ,  77.042656,  88.59479 ,
        75.837006,  76.850876,  81.32434 ,  88.79372 ,  88.89813 ,
        88.93239 ,  79.258125,  86.16805 ,  98.62096 ,  89.27258 ,
        85.33916 , 125.99854 ,  87.62693 ,  93.49335 ,  85.16934 ,
        87.18114 ,  80.41558 ,  96.33763 ,  99.1276  ,  83.68747 ,
        88.16919 ,  90.18744 ,  95.77654 ,  89.1165  ,  96.0732  ,
        92.56291 , 116.71817 ,  99.88339 , 101.670944,  76.26604 ,
        89.7632  ,  81.93575 ,  58.34964 ,  80.650314, 109.054474,
        77.05174 ,  75.61026 ,  68.67655 ,  71.168045,  98.80785 ,
        79.83664 , 101.68997 ,  61.393707,  99.33416 , 103.884735,
        84.88181 , 112.13112 ,  73.16573 ,  92.97171 ,  87.854904,
        85.64476 ,  92.304   ,  93.387375,  90.67235 ,  72.47119 ,
        96.55965 ,  73.113434,  83.74123 ,  80.05809 ,  76.33944 ],
      dtype=float32), array([ 71.04747 ,  71.016136,  76.72679 , 104.09531 , 119.61943 ,
        93.379105,  91.03158 ,  95.3749  ,  90.41796 ,  75.12743 ,
        79.09435 ,  80.97229 ,  87.83121 , 101.68436 ,  80.00233 ,
        94.44672 , 103.663956, 101.13051 , 108.20936 ,  91.7525  ,
        91.02852 ,  87.47072 , 108.313896, 121.07528 ,  76.76761 ,
        85.868935,  68.982574, 102.410324,  67.17107 ,  95.48121 ,
        94.99519 , 100.31601 ,  69.61481 , 116.9129  , 123.067856,
        83.171524,  68.022026, 114.57326 ,  83.43689 ,  83.63228 ,
       112.23805 ,  75.51757 ,  89.272484, 111.45488 , 105.12009 ,
        87.5508  ,  91.66777 ,  85.671646, 101.479904,  83.4556  ,
       100.847916,  93.03587 , 106.15173 , 103.591354,  88.64761 ,
        85.73517 ,  80.247284,  80.323074,  87.17911 ,  95.15618 ,
        76.43437 ,  89.78847 ,  83.14081 ,  90.9258  ,  86.00188 ,
        95.85335 ,  91.043015,  87.5724  ,  90.427414,  90.57638 ,
        81.31918 , 101.76938 ,  85.98903 , 107.70259 ,  94.06019 ,
        85.01984 ,  97.02966 ,  87.478035,  86.97482 ,  95.21927 ,
        72.49811 ,  89.8802  ,  85.97314 ,  84.49347 ,  90.53929 ,
       106.09976 ,  80.7664  , 103.595924,  89.268486,  76.02577 ,
        80.705536,  94.246376, 113.042206,  74.98422 ,  86.84555 ,
        98.566055, 117.37656 ,  80.389465,  85.3764  ,  85.52852 ,
        87.775986,  94.09178 , 100.0376  ,  81.24226 ,  91.08385 ,
        74.61722 ,  84.428986,  94.479095,  84.47533 ,  89.51014 ,
        92.71365 ,  95.06619 ,  76.28923 ,  79.88755 ,  88.72186 ,
        93.17398 ,  96.294586,  87.81239 , 100.25853 , 102.860794,
        85.08838 ,  78.45914 , 103.38325 ,  83.96619 ,  91.22043 ,
       103.973915,  96.71673 ,  85.76715 ,  75.94541 ,  90.2551  ,
        75.14141 ,  76.54428 ,  85.99284 ,  94.330414,  87.27501 ,
        98.55354 ,  97.680984,  85.903824, 114.3845  ,  90.66141 ,
        82.666794,  80.51754 ,  94.35961 ,  91.8972  ,  65.856895,
        99.9037  ,  85.18988 ,  91.15325 , 116.74742 ,  76.33014 ,
        76.28929 , 104.295135,  92.4136  ,  80.17792 ,  94.19734 ,
        85.65845 ,  86.72026 ,  91.091736, 104.767426,  91.09259 ,
        87.59798 ,  94.19655 ,  89.26831 ,  93.71265 ,  98.30786 ,
        80.029724,  94.33988 ,  68.25125 , 101.01195 ,  87.155   ,
        96.430084,  86.40958 ,  94.06607 ,  76.78529 ,  84.05028 ,
        91.81448 ,  95.2823  , 101.340164,  74.970245,  85.81186 ,
        85.863884, 109.42518 ,  85.79135 ,  99.03123 ,  84.76933 ,
        92.84399 , 102.098694,  99.88522 , 110.27615 ,  75.80206 ,
        83.94404 , 110.28754 , 114.77348 ,  72.84828 ,  87.633026,
        83.452095,  73.73582 ,  75.23952 ,  85.53088 ,  84.06525 ,
       100.441505,  98.535324,  84.932526,  94.2887  ,  86.7576  ,
        91.034775,  93.44539 ,  84.01592 ,  86.99678 ,  72.1487  ,
        75.300064,  75.54295 ,  91.01563 ,  84.07117 , 106.43449 ,
       105.63451 ,  96.60191 ,  92.48415 , 101.591705,  96.7961  ,
        77.161316,  82.431335,  74.39491 , 114.56325 ,  89.71112 ,
       100.01265 ,  77.98536 ,  85.70029 ,  70.79041 ,  60.32544 ,
        92.3596  ,  93.46858 ,  83.77031 ,  87.68774 ,  84.52639 ,
        77.83463 ,  71.096695,  81.82108 , 117.638504,  90.03278 ,
        85.903824,  85.93889 ,  76.81508 ,  93.953026,  91.88628 ,
        81.31975 ,  97.6419  ,  92.97608 ,  77.0071  , 114.599   ],
      dtype=float32), array([ 77.86695 , 106.34552 , 104.03495 ,  82.97472 , 102.140884,
        99.07405 , 114.09639 ,  87.11087 , 100.618095,  97.85812 ,
        67.4242  ,  92.27172 ,  76.910446,  98.45581 ,  77.53848 ,
        93.89128 ,  80.3598  ,  82.07328 ,  91.4629  ,  99.230705,
        87.84708 ,  97.54077 ,  64.70107 ,  96.77705 ,  91.961655,
        72.02344 ,  92.76625 ,  87.1091  , 106.67868 ,  96.85047 ,
        85.11774 ,  94.880585,  84.34525 ,  98.3007  ,  90.49863 ,
       105.08275 ,  83.41882 ,  80.6647  ,  36.201878,  89.87604 ,
        73.237595,  70.11441 , 104.3633  , 104.95892 , 106.6608  ,
        90.01471 ,  92.61001 ,  67.49533 ,  64.94433 ,  87.10807 ,
        80.31349 ,  87.45778 ,  88.59805 ,  76.885376,  96.51311 ,
        97.06173 ,  97.786255,  57.666794,  83.71955 ,  76.09039 ,
        78.49129 , 102.28313 ,  80.987366,  92.89886 ,  91.310776,
        88.054245,  97.34515 ,  79.88898 ,  94.28707 ,  75.144806,
        85.48699 , 103.22279 , 104.239525,  80.75612 ,  70.12842 ,
        98.556335,  65.14712 ,  93.76752 ,  74.40173 ,  81.458755,
        89.87576 ,  94.613625,  99.13634 ,  87.85892 ,  92.083046,
       113.540825,  88.1084  ,  80.8218  ,  63.914192,  92.112335,
        94.256676,  93.476494,  84.12228 ,  92.00856 , 104.59248 ,
        90.373604,  98.44179 ,  72.42484 ,  75.842   ,  88.50665 ,
        73.95601 ,  92.33635 ,  98.28876 ,  76.754974,  89.21956 ,
        99.14323 ,  95.762955,  91.41768 ,  79.983864,  72.70931 ,
        84.70722 ,  72.30733 ,  88.28816 , 111.90982 ,  85.13709 ,
        65.892136, 103.89685 ,  70.51963 ,  70.6398  ,  82.562195,
        71.33577 ,  74.592514,  90.49629 , 111.333954,  84.56565 ,
        91.43469 ,  92.764496,  73.73497 , 132.98528 ,  85.87898 ,
        84.740555,  96.91406 , 116.36548 , 106.46512 ,  84.54237 ,
       109.278885,  91.02107 ,  88.41048 ,  79.2881  ,  96.95921 ,
        82.93123 ,  93.37717 ,  98.444725,  78.74869 ,  79.05246 ,
        92.87192 ,  89.85838 ,  81.70972 ,  97.262115,  60.853096,
        75.44095 ,  88.47972 ,  92.11934 ,  92.77789 , 112.197235,
        98.57768 ,  75.49389 ,  96.27337 ,  80.7846  ,  76.51677 ,
        81.7251  , 109.66302 ,  93.28456 , 111.14284 ,  88.58612 ,
        82.43261 ,  88.11044 ,  72.470184, 103.994705, 106.30665 ,
        83.38397 ,  86.73273 ,  90.777794,  97.03117 ,  88.04832 ,
        72.89255 ,  80.731155,  87.933044,  82.70395 ,  95.94689 ,
        99.9662  ,  76.51433 ,  85.82237 ,  73.46434 , 111.03139 ,
       106.04935 ,  97.48686 ,  79.47246 , 122.00838 ,  99.9726  ,
        97.76883 ,  67.580246, 110.91432 ,  70.509964,  90.48457 ,
        92.64463 ,  74.66914 ,  77.20275 ,  91.21519 ,  92.69786 ,
       107.65259 , 115.5142  , 110.632095,  83.30052 ,  84.15903 ,
        94.84485 ,  82.92752 ,  87.32419 ,  85.70029 , 111.41137 ,
        85.901146, 100.33631 ,  98.761154, 105.09335 ,  77.25483 ,
        84.82909 ,  76.299545,  79.48299 , 116.41092 , 104.298325,
        96.76967 ,  91.28335 ,  95.272766,  82.35141 ,  92.09278 ,
        84.25319 ,  89.68666 ,  88.70544 ,  96.74398 ,  72.735664,
        83.33142 ,  97.94123 , 107.91058 , 109.42517 ,  94.36394 ,
       112.33542 ,  81.59323 , 101.116615,  91.81479 ,  80.372314,
        83.68201 ,  90.76344 , 107.96169 ,  73.918785,  62.535927,
        70.16068 , 100.09865 , 107.86215 ,  83.27281 ,  83.81819 ],
      dtype=float32)]
[array([ 79.95946 ,  77.47803 , 103.523476,  82.32628 ,  91.57408 ,
       100.75537 ,  82.204865, 100.66913 , 105.61287 ,  97.39975 ,
        96.34038 ,  90.89255 ,  84.62871 ,  99.19115 ,  70.120926,
       109.805565,  97.028366,  89.25193 ,  85.80431 ,  88.19811 ,
        94.99068 ,  96.159775,  84.594955, 103.035255, 100.072586,
        90.42305 ,  96.28951 , 117.65721 ,  82.80632 ,  77.61031 ,
        66.45385 ,  94.24979 ,  97.05661 ,  92.24343 ,  99.746124,
        76.96294 ,  89.26116 ,  90.768715, 120.19026 ,  85.43402 ,
        85.42189 ,  97.57042 , 102.85131 , 102.26289 , 114.44596 ,
        89.74768 ,  79.337296,  80.049446, 120.65939 ,  94.48287 ,
        56.984856,  88.786804,  96.220634,  86.882   , 102.50516 ,
        80.224976,  98.10588 ,  87.70449 ,  79.192505,  74.543076,
        85.73653 ,  88.78282 ,  80.636734,  93.16658 ,  93.38014 ,
       101.76801 ,  72.7712  ,  77.66582 , 104.99213 ,  91.57379 ,
       111.97629 , 104.94172 ,  82.87513 , 101.01744 ,  77.68386 ,
       106.33497 , 111.45005 ,  87.67926 ,  75.74572 ,  95.80836 ,
       104.414764,  95.28563 , 107.32074 ,  83.5211  ,  98.05519 ,
        71.508965,  87.34397 ,  78.78213 ,  85.801956, 104.2725  ,
        90.93405 ,  96.890686,  79.466385,  96.1382  ,  74.45097 ,
        81.18356 ,  91.26228 ,  91.92905 ,  99.474014, 100.90393 ,
        63.4949  ,  83.09114 ,  78.44018 ,  78.01102 ,  91.07085 ,
        77.75055 ,  89.02408 ,  88.31576 ,  74.66904 ,  89.85968 ,
        83.47055 ,  83.614075,  80.721985,  82.59853 ,  93.75938 ,
        97.91635 ,  96.84989 ,  84.60248 , 105.748245,  97.83851 ,
        90.907005, 107.08014 ,  86.440475, 105.12438 ,  80.26976 ,
        97.35382 , 104.67015 , 118.29999 ,  85.828735,  89.55531 ,
       117.61615 , 105.96451 , 110.04507 ,  90.73067 , 101.968765,
        87.92961 , 100.80528 , 105.736664,  89.430466,  80.607704,
        86.63072 ,  92.43054 ,  98.10155 ,  80.91833 , 103.016   ,
       103.84127 ,  71.50807 , 105.26137 ,  89.543594,  77.00454 ,
        88.07655 ,  94.61132 ,  90.921585, 101.386536, 102.85131 ,
        78.70041 ,  77.69645 ,  74.70943 ,  75.22394 , 109.34366 ,
        83.94086 ,  88.07356 ,  85.98311 ,  92.80127 ,  94.33859 ,
       105.19089 ,  80.390526,  94.99623 ,  95.06176 ,  64.61946 ,
        88.81201 ,  99.17059 ,  89.14841 ,  73.946945,  94.24768 ,
        74.72194 ,  78.74142 ,  97.7576  , 100.85157 ,  91.26808 ,
        97.46416 ,  91.48187 ,  88.32854 ,  82.98536 ,  87.84588 ,
       111.420555, 100.521996, 135.0481  ,  80.88088 ,  96.31831 ,
        86.43498 ,  87.52788 ,  91.49592 ,  88.32366 ,  94.03224 ,
       103.794754,  83.87251 , 111.01192 , 102.3805  ,  86.74422 ,
        87.993164,  78.67285 ,  98.01929 , 103.16257 ,  66.99338 ,
        93.74069 , 103.505135, 108.33629 ,  87.79973 ,  84.15886 ,
        77.40245 ,  75.38088 ,  87.40668 ,  91.588104,  92.6446  ,
        84.73363 ,  80.84166 ,  75.79393 ,  86.72949 ,  75.318016,
        73.15773 ,  78.086075,  70.26166 , 131.71445 ,  86.07847 ,
        80.42926 ,  95.629135,  91.13899 ,  76.74995 ,  87.5903  ,
        78.44751 ,  85.881165,  98.98907 ,  79.30323 ,  81.61945 ,
        87.24741 ,  95.04303 ,  68.987   ,  91.33898 ,  82.92062 ,
        95.87811 ,  92.28414 ,  84.5499  ,  90.20031 , 108.86853 ,
        81.43901 ,  92.7926  ,  82.75409 ,  87.67926 , 113.70819 ],
      dtype=float32), array([ 77.826416, 112.32913 ,  98.99646 ,  79.13869 , 100.47192 ,
        86.43653 , 100.11226 ,  76.173965,  99.62105 ,  87.30078 ,
       103.13066 , 106.678055,  99.97718 ,  61.275   ,  63.294758,
        84.452515,  91.27173 ,  72.899445,  75.64731 , 108.808945,
        85.436005, 111.914474,  95.68437 ,  95.89984 , 109.52287 ,
        96.80917 ,  94.59273 ,  68.88678 ,  85.446625,  93.04806 ,
        76.56962 ,  78.47244 ,  88.74452 ,  78.13958 ,  92.52248 ,
        87.810165,  95.73309 ,  86.41901 ,  85.02742 ,  88.25607 ,
        87.42106 , 106.75238 ,  91.737656,  90.2995  ,  89.987144,
        86.33072 , 100.5632  ,  93.8592  ,  90.0831  ,  84.63077 ,
        96.47779 ,  75.26193 ,  77.14755 , 120.52945 ,  78.57795 ,
        87.97649 ,  91.55647 ,  89.87169 , 101.40603 ,  85.30168 ,
        73.711296,  83.4043  , 101.159   , 106.32085 ,  96.7172  ,
        68.910164,  79.95517 ,  84.5022  ,  75.93915 ,  84.8356  ,
        87.51601 ,  92.17903 ,  95.05913 ,  73.04813 ,  79.2894  ,
       112.84848 ,  80.43187 ,  88.68672 , 110.21671 ,  91.305916,
        96.58273 , 101.36145 ,  74.2591  ,  87.446884,  77.400055,
        94.10478 ,  74.83104 ,  80.69344 ,  85.80997 ,  97.299774,
        73.77844 ,  88.68677 ,  96.04201 ,  92.8165  ,  78.02253 ,
       107.572044,  87.918625,  93.45867 ,  96.50018 ,  74.99875 ,
       103.504974,  96.4819  ,  71.213905,  76.95257 ,  82.879715,
        80.15558 ,  90.413635,  92.93295 ,  78.537476,  80.7476  ,
        94.434616,  72.53201 ,  77.40109 ,  82.2206  ,  96.459854,
        87.76668 ,  80.93529 ,  92.187805,  89.281425,  86.415344,
        63.48436 , 112.63942 ,  68.0211  ,  79.93503 ,  95.32426 ,
        95.39337 ,  98.75801 , 103.99231 ,  81.93291 ,  93.53076 ,
        97.13504 ,  60.061646,  87.58542 ,  99.930725,  83.29652 ,
       108.98677 , 106.6087  ,  91.95408 ,  99.389175,  99.17056 ,
       100.664734,  81.51599 ,  95.32376 ,  99.68831 ,  88.75685 ,
        91.16109 ,  89.6799  ,  94.516205, 101.47185 ,  95.91557 ,
        79.800255,  94.631935,  92.23643 , 102.91822 , 107.42318 ,
        86.98244 ,  79.12536 ,  89.18542 ,  78.20033 ,  97.97649 ,
        99.727585,  96.328186,  93.96186 ,  94.09659 ,  81.9462  ,
        88.41964 ,  89.266685,  66.693924, 100.56238 ,  91.905594,
       108.87657 ,  87.995094,  94.53357 , 107.50508 ,  92.497444,
        94.66944 ,  79.87372 ,  88.57117 ,  78.73047 , 115.313354,
        85.50347 ,  78.84495 ,  92.50163 , 109.79097 , 100.41148 ,
        95.78868 ,  67.4249  ,  89.17322 ,  89.30812 ,  68.57117 ,
        86.34556 ,  80.49254 , 107.63083 , 105.237366, 100.545746,
        75.54477 ,  72.69763 ,  78.537476,  91.1862  ,  95.59509 ,
        83.64332 , 101.471695,  90.50975 ,  91.846825,  88.776855,
       102.92564 , 115.45949 ,  92.829926,  83.192474,  81.41025 ,
        96.147385, 100.04883 ,  96.785904,  82.41951 ,  97.71967 ,
       100.443695, 114.29921 ,  97.453156,  79.22832 , 104.39433 ,
        90.1579  ,  82.03485 ,  91.43674 ,  92.33092 , 121.59149 ,
        80.20567 ,  94.74401 ,  73.4091  ,  86.98055 , 112.225655,
        94.66745 ,  74.05777 ,  87.42677 ,  77.544266,  80.763245,
       105.19059 ,  90.595764,  88.70247 ,  88.24681 , 100.85237 ,
        70.32982 ,  87.647934,  75.42354 ,  80.47195 , 104.74485 ,
        97.069855,  91.233345, 100.66722 ,  80.649666,  80.68715 ],
      dtype=float32), array([ 85.53041 ,  97.228905,  87.02505 , 102.73941 , 110.41447 ,
        98.0477  ,  95.73797 ,  84.15393 , 108.258514,  83.97191 ,
       106.10396 ,  98.049255,  68.804405,  91.20714 , 102.47333 ,
        85.12207 , 109.71011 , 105.723854,  95.315956, 107.35004 ,
       111.48363 ,  87.608215, 102.32172 ,  86.69273 , 102.17233 ,
       106.55002 , 119.22492 ,  78.86699 ,  84.26332 ,  75.53295 ,
        90.42401 ,  86.28496 ,  80.2841  ,  85.545654, 100.77988 ,
        92.25009 ,  85.59581 ,  82.249374,  84.342926,  96.767784,
        79.638504,  65.27426 ,  96.12584 ,  94.83798 ,  86.24757 ,
        93.51107 ,  84.983574, 100.77503 ,  85.01349 ,  88.865944,
        83.71227 , 101.63333 ,  92.85357 , 100.16824 ,  85.43822 ,
        98.94224 ,  79.57526 ,  89.70829 ,  83.16819 ,  88.965515,
        95.25629 ,  98.094025,  69.98279 ,  90.703606,  86.13261 ,
        81.70354 ,  99.72974 ,  93.29903 ,  86.52199 ,  86.94881 ,
        84.90485 ,  98.83986 , 100.993225,  86.57171 ,  84.608665,
        85.31052 ,  94.933365,  90.331894, 105.886505,  87.26805 ,
        99.10916 , 104.14808 ,  87.07214 ,  94.166626,  85.16916 ,
        94.58537 ,  73.896454,  95.55347 ,  82.91746 ,  98.24966 ,
        81.481094,  97.960815, 111.32208 ,  86.37706 , 101.333916,
        92.62903 ,  76.23457 ,  44.064545,  87.20438 , 101.321785,
        87.507324,  70.678055, 105.84755 , 105.78736 ,  88.81535 ,
        91.203735,  86.69295 ,  97.42706 ,  98.38798 , 100.66264 ,
       100.695694,  93.58971 ,  97.4577  ,  88.59405 ,  91.57216 ,
        84.187645,  93.98308 ,  89.2912  , 108.31488 ,  89.29216 ,
        86.1611  , 110.419525,  67.14479 ,  59.688248, 104.19234 ,
        84.738525, 102.34545 ,  79.96733 ,  89.96096 ,  84.91319 ,
       103.012245,  87.53914 , 103.13943 ,  95.55347 ,  99.23253 ,
       100.60287 ,  93.83352 ,  96.43591 ,  92.045715,  89.106445,
       112.52845 ,  92.28703 , 101.36638 ,  93.41718 , 101.321785,
       110.671   ,  62.28852 ,  90.40985 ,  79.37234 ,  93.98831 ,
       108.53659 ,  84.67584 , 101.90347 ,  71.26195 ,  78.91712 ,
        70.7832  ,  71.107605, 119.30487 , 105.40771 ,  89.13102 ,
       109.34662 ,  90.92129 ,  88.28514 ,  93.24489 , 117.09407 ,
       104.97186 ,  95.37106 ,  72.12898 ,  90.04353 , 105.076225,
        84.67356 , 100.339645,  80.50745 ,  79.36934 ,  78.09503 ,
        94.653984,  82.67426 ,  81.26129 ,  83.463524,  98.27246 ,
        75.216934,  75.75263 ,  94.235   ,  71.758545,  77.56845 ,
        92.00473 ,  79.266495,  85.14208 , 100.55345 , 103.006226,
        91.9675  , 102.84007 ,  97.12476 ,  87.63016 , 103.770325,
        75.74338 ,  81.017044,  93.44203 ,  74.8327  ,  69.94385 ,
        76.81996 ,  81.84434 ,  95.73308 ,  94.502945,  81.55864 ,
        75.86484 ,  83.066696, 101.47865 ,  73.26579 ,  92.74853 ,
        74.7825  ,  94.77524 ,  92.440094,  91.71398 ,  90.48423 ,
       101.969086,  78.16763 ,  86.884186,  84.77973 ,  71.363235,
        93.84332 , 102.896255,  91.82486 ,  88.09378 ,  97.73378 ,
        81.97226 ,  62.999092, 112.71001 ,  84.41196 ,  91.132   ,
       112.813774,  95.53456 , 102.85363 ,  85.12316 , 107.046486,
        91.0027  ,  88.612045,  89.32393 ,  88.28749 ,  99.326416,
        70.42328 , 101.16875 ,  85.24608 ,  97.188416,  63.747833,
        83.91711 ,  92.97653 ,  95.52367 ,  86.81242 ,  89.5219  ],
      dtype=float32), array([ 92.55908 ,  91.001335,  87.82182 ,  81.13191 ,  86.5775  ,
       113.073074,  63.17192 , 100.70653 , 104.24722 ,  73.54706 ,
       114.75791 ,  91.93266 , 105.6922  ,  80.943115,  96.89545 ,
        68.16977 ,  84.709045,  83.59188 , 107.76311 ,  87.21338 ,
        90.864655,  83.12494 ,  84.55064 ,  85.49216 ,  88.37447 ,
        68.60561 ,  95.96909 ,  78.31731 ,  99.442505,  91.82588 ,
        71.08208 ,  81.297485,  67.23245 , 119.71575 ,  85.96831 ,
        87.75958 ,  73.84713 ,  85.31125 ,  82.92769 , 103.84218 ,
        82.35199 ,  68.745735,  88.47649 ,  92.092834,  78.38542 ,
       101.63336 , 113.51587 ,  96.57518 ,  89.96953 ,  91.98741 ,
        94.66786 ,  84.97028 ,  97.806625,  79.34213 , 106.04738 ,
        76.89357 ,  97.62993 ,  77.15397 ,  99.20114 ,  83.425995,
        94.7445  ,  98.02891 ,  59.998447, 102.77266 ,  93.23462 ,
        90.89189 ,  92.963974,  88.55386 ,  95.027916, 113.11509 ,
       101.820694,  98.49378 ,  77.228195, 104.39201 ,  91.793335,
        94.77391 ,  74.81325 ,  93.35574 , 102.49281 , 102.32073 ,
        72.02081 ,  83.14561 ,  91.45438 ,  80.37922 ,  88.07026 ,
       121.45958 ,  76.60016 ,  87.49511 ,  97.770004, 101.16363 ,
        91.80614 , 114.82372 , 102.720276,  87.18152 ,  96.002075,
        82.99021 ,  73.56998 ,  90.17056 ,  91.84912 ,  61.27504 ,
        65.99461 ,  91.567184,  87.703064,  84.409065,  93.463104,
        92.576584, 112.521614,  90.447624,  95.37633 ,  73.1129  ,
        93.994064,  82.82463 ,  99.71832 ,  75.13901 , 106.90834 ,
        78.9449  ,  86.383316,  87.75765 ,  97.65628 , 100.615326,
        90.024734,  99.286514, 100.93616 ,  81.86853 ,  77.2644  ,
        86.4711  ,  82.69031 ,  99.49155 ,  86.64431 ,  90.94911 ,
        69.97926 ,  97.35399 , 100.11855 ,  88.77678 ,  86.69753 ,
       125.98255 , 109.94875 ,  92.19879 ,  74.01635 ,  98.26073 ,
        67.29845 ,  90.910194,  84.36398 ,  79.62297 ,  94.807495,
       102.91881 ,  83.15155 ,  81.857605,  97.09833 ,  96.357666,
       123.9807  , 124.34881 ,  76.46022 ,  99.08645 , 106.12732 ,
        81.6245  ,  83.570435, 101.33095 , 106.77356 ,  87.30509 ,
       104.67009 ,  86.08823 ,  75.873566,  97.063774,  89.04144 ,
        91.84603 ,  87.678955,  79.25844 ,  61.069393,  82.683105,
        93.2384  , 110.06326 ,  74.08769 ,  92.97663 ,  83.80837 ,
       107.82012 ,  97.137405, 104.49958 ,  91.69846 ,  86.11784 ,
       109.65495 ,  97.55389 ,  85.11042 ,  89.059395,  83.99801 ,
        74.77641 ,  82.322586,  94.54586 ,  79.20656 ,  88.5087  ,
        72.33391 , 101.767456,  89.98006 ,  82.999855,  90.265   ,
        90.618164,  90.234024,  84.21248 , 109.857346,  84.13036 ,
        80.61241 , 105.14108 ,  87.30079 ,  77.19628 ,  78.93936 ,
       104.705055,  87.664635,  92.10594 ,  68.965836,  86.65344 ,
        92.657166,  79.99277 ,  94.18196 ,  92.90703 ,  90.46176 ,
        92.774994,  78.06821 ,  86.57222 ,  87.76644 ,  75.737686,
        71.593575,  73.830505,  86.74422 ,  91.51335 ,  90.03613 ,
        99.19062 ,  73.13652 ,  98.51982 , 106.13002 ,  83.20346 ,
        82.54576 ,  87.45026 ,  81.572075,  90.791046, 111.938126,
       102.10576 , 115.64351 ,  78.96422 ,  83.45738 ,  84.05151 ,
        91.816574,  63.56716 ,  97.24632 ,  75.88949 , 111.58403 ,
        81.27167 ,  87.60276 , 114.35458 , 123.554855,  90.541725],
      dtype=float32), array([ 79.31317 ,  74.590225,  88.22711 ,  78.97027 ,  77.70958 ,
        83.73892 , 109.43753 ,  76.60011 ,  75.50491 ,  97.868546,
        92.657104,  75.544754,  84.339554,  80.998764, 104.12622 ,
        90.43266 , 102.2026  ,  96.17916 ,  95.63228 ,  87.54271 ,
        92.82204 ,  93.11083 , 106.215675,  94.35555 ,  75.945755,
        86.5879  ,  78.5366  , 103.55316 ,  65.99974 , 100.90838 ,
       112.68814 , 109.31331 ,  78.9236  , 106.36842 ,  84.18797 ,
        92.87198 ,  88.481064,  81.09453 ,  85.18648 ,  79.3856  ,
        85.67502 ,  74.11213 ,  78.42273 ,  90.96213 , 117.246506,
        98.403465, 106.60867 , 100.892075,  82.33215 ,  96.03015 ,
       112.12413 ,  92.02435 ,  92.87515 ,  99.65391 ,  99.38923 ,
        89.187485,  96.67131 ,  87.43642 ,  89.43608 , 109.08516 ,
        96.08536 ,  77.54434 ,  91.53534 ,  93.196365, 119.40698 ,
        87.21687 ,  86.57718 , 100.78486 ,  81.512344,  94.21658 ,
       111.66455 ,  78.463936,  87.85603 ,  91.05594 ,  91.30751 ,
        87.02513 , 104.36069 ,  90.961784,  73.69627 , 107.45504 ,
       106.03369 ,  90.35013 ,  78.604095, 104.313896,  87.576645,
        85.30685 , 101.34227 ,  66.07834 ,  84.14044 ,  89.72886 ,
        91.94812 ,  88.562454,  85.90212 , 113.08145 ,  90.219376,
        91.313934,  86.52198 ,  65.92873 ,  75.13519 ,  83.856606,
        91.396935,  74.225204,  74.76771 ,  78.26016 , 101.646576,
        85.67759 , 112.09683 ,  76.92734 ,  70.89673 ,  77.85205 ,
        85.011536,  86.94815 , 100.56295 ,  80.03235 ,  99.38434 ,
        70.13661 , 106.83351 ,  95.79171 , 128.73816 ,  79.77221 ,
        91.389015,  76.569626,  78.387535,  80.79225 ,  80.31738 ,
        78.00916 ,  75.239044,  92.04627 ,  76.943634,  87.84036 ,
       102.669815, 100.0394  ,  99.79947 ,  86.71913 ,  66.82164 ,
        58.817993,  98.22008 ,  63.005524,  97.00847 ,  85.015   ,
        96.59979 ,  79.377335, 101.42563 ,  93.20912 ,  97.29915 ,
        88.78683 ,  66.01834 ,  85.30552 , 113.25046 ,  99.756905,
        88.10361 ,  74.63916 , 111.8766  ,  73.56027 ,  84.40315 ,
        66.52979 ,  97.83754 ,  77.13007 ,  77.523224,  91.86865 ,
        90.8646  ,  91.91403 ,  97.81459 ,  96.87223 ,  95.34053 ,
       101.40109 ,  75.1382  ,  90.10917 , 111.14717 , 117.245316,
        84.425545,  84.18291 ,  75.9069  ,  97.42703 ,  85.24928 ,
        83.45138 ,  83.67353 ,  82.74124 ,  94.50038 ,  88.104225,
        82.11684 , 109.101166,  81.2746  ,  78.692535,  93.59395 ,
        89.90764 ,  90.6962  , 116.07402 ,  92.90213 ,  86.20056 ,
        83.625   , 101.16141 , 108.295364,  82.38941 ,  98.546555,
        89.62354 ,  84.00414 , 101.81021 , 117.89057 , 109.01338 ,
       107.07547 ,  71.052704,  81.992035,  91.9893  ,  96.37964 ,
        89.198814,  70.94812 ,  90.04493 ,  92.50168 , 103.78424 ,
       101.032074,  91.95004 ,  77.33961 ,  84.80405 ,  95.48197 ,
       108.414795,  96.63285 ,  97.54016 ,  77.08318 , 102.02585 ,
        93.17163 ,  85.38054 ,  88.56624 ,  88.8705  ,  85.27512 ,
        82.086426,  83.049194,  96.2336  ,  63.447   , 104.57806 ,
        85.831894,  92.81705 , 103.38449 , 101.50638 , 107.85482 ,
        72.83754 ,  82.00977 ,  76.138016,  83.269485,  86.111084,
       101.74243 ,  69.80257 ,  66.305466,  86.89357 ,  87.81065 ,
        99.54224 ,  85.38281 ,  93.932304,  85.936356, 104.35191 ],
      dtype=float32)]
