cuts average:63.276248677571616 : 
[array(64.012726, dtype=float32), array(63.579838, dtype=float32), array(65.27586, dtype=float32), array(64.4029, dtype=float32), array(63.346413, dtype=float32)]
[array(63.351433, dtype=float32), array(63.176178, dtype=float32), array(62.827816, dtype=float32), array(62.440285, dtype=float32), array(63.811043, dtype=float32)]
[array(61.73571, dtype=float32), array(63.28586, dtype=float32), array(63.460915, dtype=float32), array(61.280643, dtype=float32), array(63.15611, dtype=float32)]
128-fix average:[ 92.54615   87.88687   89.007515  92.22866   92.14131   94.86834
  94.446686  95.67301   94.434204  83.99635   92.92439   89.03951
  89.2698    90.60075   88.00966   85.73804   93.979454  96.67394
  87.718544  87.769356 100.36989   94.35532   87.39861   90.59504
  92.13943   96.399956  90.798935  92.451546  90.17666   88.6324
  90.02215   94.64358   90.82544   87.700676  87.91392   90.553535
  91.73681   90.08239   91.172806  99.25628   95.126     85.49023
  84.36238   91.49588   87.46455   90.85139   89.64762   94.47472
  92.74427   90.86094   89.79614   97.81152   94.45657   94.86251
  87.78221   94.363235  93.441216  90.96309   85.97209   85.25117
  88.47935   90.840805  91.410545  95.05092   91.22679   89.266464
  99.40366   88.87762   90.68838   88.39586   89.26296   90.356155
  91.64681   89.34102   90.21837   88.499565  91.09067   87.10195
  92.677284  82.12012   97.720985  85.78697   88.971855  87.79589
  95.22339   88.68956   92.97205   90.65874   89.40812   92.2622
  93.030365  92.18715   98.2582    90.38753   91.21726   89.09315
  97.34315   97.076584  92.62546   90.79211   90.564316  92.406105
  90.703476  88.98305   93.68895   92.112656  86.22547   94.55294
  93.39865   92.886246  90.67354   93.67362   93.02453   93.196785
  85.82859   90.64937   91.36296   96.137115  88.0748    90.79973
  90.044174  91.57815   98.92916   85.62902   94.13277   88.40443
  92.40418   94.3977    96.872734  91.04851   88.218735  91.718
  94.23482   92.044044  88.39746   90.415375  93.140495  91.51511
  89.86833   91.073654  95.63824   85.529526  90.12009   93.869225
  90.58601   92.13332   86.09453   93.088776  97.43796   91.259254
  89.97358   92.19514   92.868515  97.42295   89.428955  92.31484
  87.53      95.45768   96.40627   93.25197   86.89798   89.64676
  92.42593   83.71069   83.02915   88.73962   93.85433   88.85471
  95.29295   88.80491   90.19985   95.056145  88.19658   93.326614
  92.45333   88.371254  92.84244   94.20287   90.989044  97.31706
  88.28732   93.06204   90.02487   86.818306  97.18485   91.90014
  87.75408   93.43327   89.31343   89.56789   87.78342   96.29837
  90.64543   88.91718   89.22288   91.39162   95.836105  89.07456
  96.19762   96.36754   93.541245  90.044     92.59417   95.414375
  89.86272   89.8138    90.18565   94.86323   92.44615   88.142204
  88.22879   91.41482   85.499985  88.32157   92.607285  87.33108
  88.41174   87.82588   90.37429   93.99288   92.29792   88.10527
  96.809     92.16281   92.7522    93.77222   91.23544   87.945946
  92.83336   88.07908   91.43334   88.74541   90.95213   94.62212
  86.253174  88.438675  87.36492   89.87355   89.146     93.58617
  88.95231   90.07714   90.600685  91.357864  91.36147   92.265854
  92.65501   90.85983   90.82381   94.29991 ] : 
[array([105.711075,  95.68181 , 108.83383 , 103.87476 , 107.00777 ,
        72.04481 ,  76.345764, 100.27087 ,  95.36647 ,  89.17728 ,
        95.79021 ,  96.22401 ,  92.47519 ,  90.31692 ,  74.33279 ,
        82.450134,  90.211075,  86.989624,  89.451355,  51.29349 ,
        79.50746 ,  83.64881 ,  81.073395,  81.11988 ,  98.528046,
       126.91576 ,  91.150856,  93.86987 ,  84.6693  ,  98.0233  ,
        94.00665 ,  91.759026,  91.69019 ,  91.23828 ,  69.552666,
        95.31484 , 106.00795 , 101.708206, 101.78842 , 117.40996 ,
       100.51765 ,  95.94358 , 105.44861 ,  63.770367,  82.83882 ,
        88.03079 ,  87.58565 , 119.800095,  86.63381 ,  78.14261 ,
        78.69919 , 100.57253 ,  94.03964 ,  95.43385 ,  77.81941 ,
       102.90134 ,  92.27457 ,  77.43051 ,  64.74149 ,  46.825485,
        96.81673 ,  80.57688 ,  63.502865,  84.29683 ,  75.17027 ,
        80.990814, 108.8228  ,  81.27563 , 100.77806 ,  93.90007 ,
        91.62311 ,  80.77737 ,  90.41597 ,  99.01285 ,  92.21849 ,
        91.742836,  87.96933 ,  78.540794,  94.4938  ,  86.69191 ,
       101.148476,  83.51185 ,  91.15556 ,  84.66988 ,  70.03674 ,
        76.32007 ,  82.08843 ,  94.60933 , 106.43588 , 101.162704,
        85.18603 ,  89.73694 , 111.26158 ,  80.94653 , 100.23491 ,
        92.61693 ,  85.1591  ,  88.8448  ,  77.66394 ,  73.46333 ,
        88.20883 ,  87.10852 ,  64.57034 ,  88.32719 ,  81.34528 ,
       114.26697 ,  65.525154, 103.74244 ,  92.814316,  82.514046,
        82.06227 ,  94.50571 , 139.42902 , 101.1579  ,  91.33303 ,
       118.314514,  87.12166 ,  90.28999 ,  80.096085,  89.127975,
        96.40248 , 109.44728 ,  89.813934, 102.71901 ,  97.28698 ,
        99.97012 , 121.31564 ,  92.869644, 101.07593 ,  89.80124 ,
        86.35044 , 112.50703 , 114.07275 , 122.48217 ,  98.05473 ,
        71.210754,  69.44539 ,  71.14212 ,  97.349495,  84.93183 ,
       101.91586 ,  63.681152, 122.44231 ,  81.413445,  99.18918 ,
        89.52998 ,  88.983925,  90.98601 , 125.76773 ,  83.83617 ,
        81.08765 ,  86.288284, 107.23411 , 129.88065 ,  77.30592 ,
        95.70236 ,  78.67189 , 100.81279 , 100.35659 , 101.924576,
        72.5717  ,  82.41419 , 115.07431 ,  83.71213 ,  78.70822 ,
        90.50888 ,  76.492874,  99.7735  ,  81.59216 , 104.41254 ,
        91.55472 , 121.24873 ,  99.068344, 114.10682 , 104.77603 ,
        88.33586 , 123.418335,  93.80986 ,  90.40311 ,  97.1727  ,
        81.7246  , 118.03223 ,  88.18208 ,  77.450905,  85.234375,
       102.119484,  83.27875 ,  79.11839 ,  77.108475,  92.49223 ,
        55.614136,  92.85438 ,  98.22514 ,  90.594734,  98.628876,
        95.458595,  91.583694,  78.5569  ,  91.03122 , 106.34035 ,
       104.80274 ,  79.55092 , 100.60687 , 101.42461 ,  74.05397 ,
        97.742836,  74.79378 ,  90.35756 ,  91.83342 ,  80.33229 ,
        93.1295  ,  96.06825 ,  79.19878 ,  74.74267 , 105.86098 ,
        79.57909 ,  90.23373 ,  89.658295, 107.55124 ,  87.41403 ,
        93.42201 ,  85.321846, 100.924736,  76.941765,  88.29276 ,
       123.472626,  90.42915 ,  79.43106 ,  90.61203 ,  80.80138 ,
        98.242546, 101.454155,  89.54431 ,  90.629715,  94.92179 ,
        97.15657 , 115.62297 ,  81.86684 ,  85.603134, 113.98183 ,
       101.54483 , 103.328094,  90.57884 ,  80.13475 , 100.25966 ,
        86.83685 ,  76.71094 ,  86.060776,  87.24724 ,  87.801956],
      dtype=float32), array([ 82.81148 ,  73.27232 ,  78.70239 ,  84.6046  ,  97.68949 ,
        90.00422 ,  99.57187 ,  90.450806, 105.29562 ,  74.87334 ,
        85.07166 ,  84.82335 ,  87.77095 ,  81.12858 ,  95.213104,
        59.34117 ,  88.62779 ,  86.215454,  86.50896 , 106.53621 ,
       101.76288 ,  89.464554,  81.20688 , 117.516945,  98.72113 ,
        87.11855 ,  68.213684,  85.20621 , 118.918465,  90.737045,
        74.86245 ,  84.465515,  88.256714,  96.58916 ,  87.5981  ,
        78.73462 , 100.083755,  64.00283 ,  75.50543 , 115.27873 ,
        86.48492 , 114.09561 ,  72.17618 , 103.25279 ,  84.78538 ,
        89.27673 ,  75.81899 ,  85.98187 ,  88.63245 ,  81.64897 ,
       102.67856 , 123.24171 ,  94.55676 ,  83.39099 , 109.72691 ,
        85.820244,  83.92407 ,  85.21738 ,  90.38953 ,  96.231735,
        71.269005, 105.98065 ,  87.44564 , 106.934204,  90.33188 ,
       105.83576 ,  82.05664 , 102.36709 , 105.262726,  77.30434 ,
        65.90528 ,  89.88351 ,  88.30789 , 100.54062 ,  86.7498  ,
        86.2917  ,  98.7347  ,  78.95491 ,  99.94329 ,  87.437805,
        98.42913 ,  85.22943 ,  84.32774 ,  69.95958 , 118.53585 ,
       120.566635,  88.06912 ,  67.718605,  66.871445,  85.10622 ,
        99.183945,  84.68547 ,  98.860916,  83.07518 ,  68.39002 ,
        76.86496 ,  80.07471 ,  91.33513 , 111.4709  , 116.014755,
        86.850784,  89.64714 ,  69.57214 ,  80.20482 , 103.25162 ,
        66.25403 ,  85.05517 ,  86.86133 , 111.282455,  80.9908  ,
       104.660065, 106.24747 ,  72.71427 ,  89.179634,  84.35082 ,
        85.64096 ,  88.6658  ,  90.203064,  92.26096 ,  83.90146 ,
        92.90947 , 111.62091 ,  97.545525,  82.67183 , 100.473274,
        98.11751 ,  91.44201 , 101.87052 ,  85.95398 ,  92.18005 ,
        78.938965,  98.865265, 104.22144 ,  96.54451 ,  76.72482 ,
        92.06125 , 102.33972 , 124.22387 ,  81.25394 ,  92.73148 ,
       100.58916 ,  67.556946,  87.669716,  85.45444 ,  85.63162 ,
        87.953   ,  78.53255 ,  95.031204, 106.70174 ,  88.825516,
        87.907364,  96.31897 , 108.721466,  69.72282 ,  88.93469 ,
        91.33849 ,  93.23961 , 112.03205 , 111.526566,  96.99302 ,
        99.335556,  81.14798 ,  77.82769 ,  96.55618 ,  82.6089  ,
        79.863464,  99.0101  ,  97.837906,  94.77222 ,  87.1181  ,
        85.985916, 107.99139 , 104.382065,  83.89119 ,  99.20056 ,
        88.50073 ,  81.50253 , 116.6526  ,  83.09328 ,  93.25182 ,
        88.13824 ,  99.59772 ,  93.82156 ,  86.48037 ,  98.963005,
        96.51988 ,  99.17299 , 105.67456 , 108.765884,  69.05615 ,
        91.38164 , 137.63583 ,  91.20857 ,  93.01071 ,  89.418076,
        73.73964 ,  98.7003  ,  75.38263 , 118.32837 ,  80.8008  ,
        97.368454,  83.83824 ,  82.37585 ,  99.747574, 104.65993 ,
        71.291916, 105.76642 ,  80.90164 , 107.03754 , 101.91751 ,
        89.99123 ,  78.7147  , 105.99054 ,  89.90102 ,  94.65485 ,
        94.6624  ,  70.54663 ,  92.22696 , 118.428055,  87.16682 ,
        90.69562 ,  90.66283 , 117.25902 ,  84.007515,  82.645164,
        80.30469 ,  89.28124 ,  98.02516 ,  89.70184 ,  84.16126 ,
        99.20491 ,  91.2212  ,  89.04277 ,  92.88067 ,  99.81435 ,
        86.821014,  89.36535 , 102.91699 , 104.67688 ,  89.225555,
        79.441956,  90.97751 ,  87.728   ,  86.67532 ,  96.741295,
        93.322784,  94.66935 ,  82.44738 ,  91.554756, 110.31435 ],
      dtype=float32), array([ 99.827095,  96.31253 ,  97.61818 ,  99.019714,  91.96149 ,
        93.870544,  98.3255  , 100.47734 ,  83.45328 ,  74.256226,
        98.99452 ,  74.40487 ,  87.5104  ,  90.68614 ,  71.32021 ,
        88.54625 ,  84.80974 , 130.20583 ,  91.02518 ,  90.60236 ,
       109.70523 , 108.48705 ,  92.23658 , 101.063286,  80.396736,
        98.066864, 102.78325 ,  73.15343 ,  87.283775,  91.55104 ,
        61.264458, 114.752914,  89.47859 ,  78.2816  ,  85.253784,
        89.224144, 117.38838 ,  97.47554 ,  92.34349 ,  97.96489 ,
       119.265396,  62.22062 ,  87.727776,  81.858826,  78.769196,
        80.50632 , 104.24055 ,  87.90761 ,  75.44108 ,  95.60291 ,
        91.544815,  91.83852 ,  84.194595, 103.231476,  68.52436 ,
       100.852066,  97.460205,  85.72026 ,  70.80798 ,  80.38756 ,
        81.23104 ,  99.50417 ,  90.42019 ,  77.482666,  94.29467 ,
        82.871574,  99.837364,  80.010315,  80.33961 ,  84.97706 ,
        83.228134,  88.06725 ,  89.529976,  97.80091 ,  63.677834,
        97.88804 ,  86.59816 ,  60.51071 ,  82.60841 ,  83.351746,
        91.111984,  80.838776,  86.37287 ,  74.58208 ,  96.43243 ,
        62.57914 ,  89.88377 ,  83.35149 ,  87.90621 ,  96.495125,
       106.26919 ,  93.40381 , 128.46637 ,  99.77344 ,  71.96013 ,
        97.01411 , 106.156494,  94.99984 ,  98.84596 ,  78.55287 ,
        95.463806,  90.42452 , 102.94899 ,  85.2529  ,  78.95076 ,
        80.987854,  93.17967 , 102.94034 ,  91.760056,  88.57808 ,
        91.46873 ,  93.42705 ,  92.23272 ,  86.39542 ,  83.247696,
        70.22625 ,  85.27286 , 115.96332 , 107.095795,  83.22249 ,
        66.42382 , 118.2209  , 117.31325 ,  88.41957 , 120.13411 ,
        99.21022 ,  77.7708  ,  69.570496,  97.78624 ,  86.85835 ,
       110.636566,  82.315735, 111.722855,  84.28633 ,  73.60017 ,
        88.173164,  89.7802  , 111.2288  ,  80.94379 ,  92.2782  ,
        98.26376 ,  81.75733 ,  98.306175, 111.66208 ,  85.61104 ,
        71.64843 ,  74.161606,  89.05525 ,  90.96356 ,  96.0529  ,
        76.044464, 108.8956  ,  92.39365 , 104.55705 ,  92.79611 ,
        92.86847 ,  85.88504 ,  80.58543 ,  93.34434 ,  85.40433 ,
        81.110504,  99.48915 ,  98.15146 ,  83.67898 ,  85.215866,
        86.34284 ,  91.01282 ,  96.41603 , 132.20135 ,  88.15422 ,
        95.85188 ,  89.71234 ,  79.79638 ,  69.5179  ,  86.28967 ,
        94.04985 ,  95.46866 ,  96.06227 ,  79.93936 , 120.49806 ,
        87.128586,  84.9446  , 101.265366,  99.4432  ,  78.91863 ,
        97.66434 ,  95.15076 ,  96.7215  , 108.84003 ,  83.85284 ,
        96.07242 ,  86.12451 ,  77.715996,  87.506874,  84.486275,
        96.97333 ,  89.58158 ,  81.09236 ,  85.05736 , 108.005745,
       102.817825,  89.30261 ,  94.86967 ,  84.09262 ,  96.442406,
        93.12413 ,  76.51989 ,  77.38056 ,  59.086517,  91.6617  ,
       106.64191 ,  84.67322 ,  90.35757 ,  91.689224,  99.20191 ,
        89.19385 , 101.50829 ,  90.3943  ,  74.28128 , 101.31936 ,
        91.915436,  75.45766 ,  99.453384,  97.530495,  69.314316,
        92.75382 ,  86.88426 ,  84.55764 ,  93.66792 ,  86.295166,
        80.54402 ,  81.21347 ,  87.78221 ,  90.58364 ,  85.87422 ,
        92.08118 ,  73.06838 , 118.32832 ,  68.03206 ,  81.84216 ,
        83.54293 ,  95.55507 ,  80.788315,  96.36576 ,  88.92961 ,
        76.386185,  64.78292 , 112.182175,  90.621506,  69.03816 ],
      dtype=float32), array([ 69.260956,  82.38672 ,  72.60486 ,  87.45296 ,  87.37729 ,
        97.90075 , 119.853455, 100.18988 ,  87.190544,  82.8517  ,
        96.35386 ,  73.33628 ,  95.81005 ,  87.10445 ,  84.13278 ,
        79.22848 ,  87.409134,  87.36853 ,  97.21106 ,  82.144424,
        91.471176,  79.604355,  80.163795, 100.70987 ,  80.51258 ,
        85.61644 ,  98.67409 ,  80.29292 , 103.52138 ,  97.027405,
        85.52341 , 101.912834,  89.958786,  80.131485, 120.63719 ,
       102.321014,  80.16079 ,  74.132996,  74.28966 ,  82.836205,
        84.20618 ,  83.14276 ,  88.133194, 108.18784 ,  89.31642 ,
        87.740486,  85.01515 , 110.44486 ,  88.324554,  92.10599 ,
        86.50346 , 103.60692 , 113.96665 ,  99.76674 ,  71.223625,
       103.485016,  82.329254,  97.56698 ,  81.85979 ,  95.57877 ,
        97.23711 ,  80.93329 ,  82.33557 ,  93.024414,  94.93308 ,
        85.0603  , 101.44606 ,  91.365944,  90.8401  ,  83.50278 ,
        82.40811 ,  87.58627 ,  95.15558 ,  92.26774 , 104.34392 ,
        60.474144,  96.41412 ,  96.801636, 109.50988 ,  68.96619 ,
        93.40423 ,  98.15104 ,  84.45856 ,  87.813965, 100.82239 ,
        96.50054 ,  91.29834 , 111.8768  ,  82.91007 , 101.41026 ,
        89.78033 ,  77.388916, 108.979645, 105.42143 ,  89.80591 ,
       103.84419 , 105.25013 , 104.00222 , 101.59526 ,  81.99875 ,
        64.74149 ,  92.124756, 109.38044 ,  98.6921  ,  93.70387 ,
        79.1951  ,  94.00366 , 111.367615, 108.451935,  84.217224,
        78.21601 ,  81.04942 ,  96.91027 ,  86.8138  ,  81.88884 ,
        88.02175 ,  87.93161 , 108.54645 ,  91.46975 ,  80.23006 ,
        93.33378 ,  87.88536 , 122.7903  ,  78.13025 ,  91.44702 ,
       112.41086 ,  88.494644,  86.65262 , 100.276245,  87.05021 ,
        68.06581 , 112.982956,  79.206215, 108.44119 ,  93.053055,
        81.491745,  97.10419 ,  89.125755,  92.4482  , 101.68532 ,
        87.395905,  90.05691 ,  94.08044 ,  91.00926 ,  86.07711 ,
        94.73237 ,  90.75686 ,  93.65974 , 107.05559 ,  96.96419 ,
        87.05206 ,  84.01433 ,  80.7182  , 111.18208 , 104.866035,
        78.36662 ,  80.93312 , 104.80613 ,  88.3208  ,  84.74716 ,
        88.55968 ,  90.66734 ,  89.944336,  73.05113 , 104.46579 ,
        73.41524 ,  94.72287 ,  86.88559 ,  87.01701 ,  88.11058 ,
        74.22444 ,  85.98598 ,  84.644196, 117.15167 ,  71.47643 ,
        97.25612 ,  96.82349 ,  94.87802 ,  67.12186 , 120.4601  ,
        89.450775,  79.84059 ,  79.38551 ,  94.77559 ,  95.06409 ,
        92.256836,  86.694084,  98.41179 ,  93.4229  , 112.25013 ,
        75.963394, 120.06632 ,  94.05155 ,  84.89964 ,  82.58011 ,
        80.80728 ,  89.852936,  91.40155 ,  70.02118 ,  77.12785 ,
        95.36633 ,  80.036865,  85.5289  ,  87.94168 ,  83.14732 ,
        95.696915,  96.256996,  93.821365,  83.06166 ,  91.121216,
        93.8337  ,  88.36259 , 103.75831 , 113.28241 ,  86.46095 ,
        68.58786 ,  89.52283 ,  93.96284 ,  96.5483  ,  93.60762 ,
        98.76417 ,  91.616486,  99.04155 ,  95.35457 ,  95.39223 ,
        87.47063 ,  79.610794,  90.884125,  81.45221 ,  95.399536,
       106.439255,  87.46755 , 100.14157 , 122.92588 ,  69.69298 ,
        91.01261 ,  65.36094 ,  73.640755, 113.60951 , 100.34926 ,
        85.35827 , 101.21494 ,  82.74339 , 114.50903 ,  89.55112 ,
       110.45624 , 108.08591 ,  88.19141 , 100.29874 ,  96.7656  ],
      dtype=float32), array([ 82.49161 ,  75.26486 ,  86.2965  ,  89.79855 , 109.08879 ,
        87.63752 ,  76.33669 ,  81.31279 ,  78.31503 ,  75.556145,
        81.85455 ,  95.10846 ,  72.6151  ,  72.98532 ,  94.00178 ,
        94.24933 ,  91.655945,  96.12294 ,  81.66344 ,  93.69457 ,
        85.712616, 101.80124 ,  97.84888 , 101.45413 , 115.21237 ,
        84.33301 ,  88.172295,  92.72732 ,  68.97502 ,  76.75147 ,
       119.32784 ,  85.17037 , 101.068794,  98.31338 , 100.638695,
       101.87665 ,  72.90425 ,  84.09496 ,  87.55926 ,  90.11139 ,
        76.7906  ,  81.18476 ,  87.38918 ,  92.77515 ,  95.57593 ,
        73.381035, 106.3271  ,  96.70289 ,  93.91693 ,  82.33028 ,
        93.5101  ,  89.9267  ,  78.752174,  98.76204 ,  78.650406,
        80.39674 , 100.489136,  83.07926 ,  95.96507 ,  83.62712 ,
        98.36177 ,  90.9503  ,  92.90703 , 100.95274 ,  87.59219 ,
        96.79087 , 106.79968 ,  83.43006 , 112.74749 ,  90.54021 ,
        84.285034, 101.21596 ,  84.68692 , 102.50267 ,  77.5811  ,
        90.902954,  63.28545 ,  93.65375 ,  95.10124 ,  99.98059 ,
        82.46663 , 108.064545, 110.26325 ,  65.37961 ,  93.127   ,
       112.55235 ,  93.49937 ,  92.5134  ,  76.32769 , 104.02074 ,
        91.59511 ,  78.66156 , 121.38416 ,  89.04672 ,  92.89142 ,
        65.38028 ,  84.73801 ,  89.61661 ,  93.488464,  74.99661 ,
        80.23949 ,  87.540695,  95.04278 ,  90.42444 ,  92.013664,
       100.068054, 111.54318 , 104.84046 ,  90.22416 ,  97.4258  ,
        89.74199 ,  96.08948 ,  89.242134,  71.09895 ,  83.17937 ,
        78.0741  ,  86.741295,  82.00665 ,  95.66473 ,  91.17786 ,
        96.24881 ,  92.88598 ,  86.19466 ,  75.32338 ,  89.897   ,
        73.47337 , 100.53635 , 118.83179 , 102.776505,  77.018074,
        95.45067 ,  85.272705,  83.147285,  77.153244,  79.30694 ,
        81.935   , 140.1538  ,  81.20552 ,  72.17572 ,  98.54613 ,
       101.09616 ,  95.11263 ,  72.677925, 108.32093 ,  87.72974 ,
       101.80858 , 100.223785,  95.02054 ,  81.6084  ,  84.66019 ,
       109.235306,  82.24733 ,  79.29126 ,  89.26306 , 110.93431 ,
        84.31558 ,  86.34325 ,  95.80539 ,  75.26576 ,  79.91292 ,
        81.03594 ,  81.64688 ,  86.244865,  84.04056 ,  78.635735,
       109.02404 ,  91.5293  ,  94.374344,  92.87314 ,  75.968544,
        87.275375,  72.789375,  88.92323 ,  74.1425  ,  79.85002 ,
        84.9066  ,  84.933304,  87.19018 ,  85.21773 ,  77.85797 ,
       133.45723 ,  88.2867  , 104.698074,  83.98694 ,  97.421555,
        70.72705 ,  83.42363 , 100.40192 ,  94.26965 ,  95.567825,
        76.32341 , 100.47734 ,  70.52127 ,  95.97783 ,  77.33616 ,
        90.867905, 124.744644,  88.38956 ,  84.60776 , 103.0508  ,
        83.92877 ,  82.16235 , 108.62221 ,  94.878235,  75.78439 ,
        72.02409 ,  94.667274,  93.502846, 100.26921 ,  99.79259 ,
        89.88011 ,  77.10785 ,  83.06058 , 105.35512 , 100.03231 ,
        71.97016 ,  85.65143 ,  97.11272 ,  80.65241 ,  99.03865 ,
        88.37905 ,  94.8976  ,  88.53126 ,  91.35642 ,  92.18522 ,
       116.00046 ,  85.11801 , 100.45407 ,  90.72106 ,  68.09263 ,
        78.31918 ,  82.048935,  93.84159 ,  82.430595,  97.77097 ,
       101.44025 ,  73.51013 ,  73.24736 ,  76.83238 ,  91.00395 ,
       101.766174,  86.24362 ,  96.740906,  98.549736, 107.88463 ,
        79.79188 ,  93.41818 ,  90.97565 ,  81.35519 , 119.71188 ],
      dtype=float32)]
[array([ 99.66531 ,  95.49725 ,  80.880585,  92.7476  ,  89.89047 ,
        79.91452 , 104.460014,  93.162025, 101.33664 ,  94.206795,
        95.42001 ,  95.020004,  96.381256,  81.71121 , 103.772705,
        94.42788 ,  75.27328 , 129.4101  ,  86.01701 ,  78.20864 ,
       110.12479 ,  88.023865,  88.632965,  88.86937 ,  71.01598 ,
       110.670456,  97.27279 ,  78.41339 ,  84.09393 ,  78.890564,
        92.28883 ,  96.446945,  82.370636,  89.66638 ,  98.82266 ,
       106.5558  ,  91.70859 , 107.43704 ,  96.63968 ,  83.21045 ,
       104.99013 ,  84.7175  ,  95.27215 , 110.940414,  84.39786 ,
       103.95649 ,  84.6717  ,  96.72793 ,  84.67252 ,  94.368454,
        88.4891  , 102.78531 , 106.07144 ,  96.93487 ,  91.576126,
       104.05358 ,  93.12135 ,  98.528496, 106.27071 ,  67.81672 ,
        88.38858 ,  95.24263 , 114.515076, 107.46956 ,  95.10742 ,
        88.72389 ,  94.8481  , 101.10483 ,  95.5658  ,  82.59709 ,
       102.59097 ,  98.26601 , 100.532646,  86.43605 , 104.05888 ,
        83.91121 ,  93.4299  ,  86.63244 ,  95.32971 ,  84.26173 ,
       107.73192 ,  72.4785  ,  92.41452 ,  79.35964 ,  95.70834 ,
        79.58243 ,  92.403854,  87.34646 ,  70.8022  ,  90.94997 ,
        78.868546, 109.20961 ,  81.26886 ,  81.30661 ,  88.418655,
        99.77818 ,  85.594864, 111.80769 ,  64.847275,  98.16831 ,
        86.87102 ,  96.74913 , 104.37489 , 105.59154 , 132.1418  ,
        96.30124 ,  89.07563 ,  92.31105 , 106.19351 ,  93.47054 ,
        99.59374 , 108.27002 ,  83.06035 ,  96.9881  ,  99.376076,
        89.097855,  92.15997 , 120.54753 ,  77.464874,  90.10463 ,
        78.43976 ,  92.3236  ,  93.176315,  88.7623  , 104.4292  ,
        84.453575,  82.03893 , 125.660736, 115.073494, 102.106674,
        64.86856 ,  97.83117 ,  78.082306, 108.29314 ,  92.871666,
       109.470825,  80.502045,  71.661194, 104.10085 , 103.07661 ,
       103.51409 ,  83.4012  ,  81.00241 , 103.65112 ,  77.4083  ,
        97.059715,  78.66067 ,  87.920204,  95.32846 ,  98.08804 ,
       103.085236,  84.10065 , 106.67172 , 117.12988 ,  84.07333 ,
       113.96296 ,  84.97682 ,  81.49227 ,  88.59141 , 105.022675,
       104.053345,  85.34493 ,  79.06444 ,  72.42303 ,  85.33125 ,
        92.30762 , 113.054504,  89.50139 , 103.736946,  83.82562 ,
       107.0462  ,  80.42688 ,  84.52024 , 100.03633 , 118.51182 ,
       100.35239 ,  73.70604 , 110.68323 ,  90.79744 ,  89.13704 ,
        79.98109 , 122.80455 ,  99.92662 ,  93.80043 , 110.06213 ,
        95.75086 ,  84.00869 ,  96.55473 ,  86.26462 , 102.622696,
        99.013565,  94.023155,  94.149086,  78.06627 ,  98.42966 ,
       109.36783 , 106.25433 ,  67.48755 , 108.16093 , 104.51308 ,
        97.393   , 110.90685 ,  74.54748 ,  90.563705,  92.74263 ,
        76.09253 ,  95.75485 ,  96.25806 ,  87.29144 ,  93.34711 ,
        90.216965, 112.59073 , 102.376724,  85.20793 , 100.97882 ,
       110.18977 ,  84.43622 ,  92.13071 ,  80.054504,  90.50723 ,
       111.70845 ,  99.61348 ,  73.860344,  83.74659 ,  97.74153 ,
        99.58706 ,  74.01313 ,  86.21611 , 104.490036,  97.94003 ,
        90.275055,  81.70488 , 113.3885  , 100.49402 ,  85.1243  ,
        85.376816,  91.09376 ,  83.20607 ,  87.54234 ,  81.30173 ,
       106.42668 ,  90.6202  ,  78.46977 ,  66.24136 ,  83.42994 ,
        97.87184 , 123.6512  , 115.412224,  91.317184,  91.09442 ],
      dtype=float32), array([ 95.33528 ,  74.2007  ,  88.85103 , 103.90266 ,  79.317245,
       111.45241 , 119.81308 ,  68.44447 , 102.231735,  92.79369 ,
        96.15045 ,  73.42415 ,  77.53468 , 100.64082 ,  71.89286 ,
        80.823906,  91.18584 , 107.44812 ,  86.2265  ,  84.36049 ,
       122.53979 ,  80.93317 ,  96.657875,  67.03581 ,  87.831184,
       107.172134,  71.56607 ,  90.33451 ,  88.030365,  95.21257 ,
        88.19682 ,  67.35379 ,  81.94185 ,  95.92199 ,  89.61157 ,
        84.73555 ,  82.41607 , 114.73865 ,  77.26027 ,  83.39531 ,
        80.35487 ,  77.392845,  91.20006 ,  86.7594  ,  86.77052 ,
        98.141235,  92.09914 ,  96.29289 ,  77.56114 , 103.93094 ,
        85.37609 ,  84.24278 ,  74.80651 , 107.787285,  99.8404  ,
       102.59483 ,  84.0499  ,  94.39264 ,  92.00343 ,  96.034546,
        70.35001 ,  77.58551 ,  92.44948 ,  95.8712  ,  86.47503 ,
       100.16304 ,  94.67775 ,  66.29698 ,  99.732086,  76.99048 ,
       101.03551 ,  81.81784 ,  95.140686,  99.40327 ,  83.9051  ,
        86.69578 ,  78.408745,  98.16936 ,  92.06705 ,  66.59651 ,
       116.73033 ,  72.08168 , 105.3248  ,  97.20552 ,  87.458755,
        80.82201 ,  75.63486 ,  80.314705,  72.4368  ,  96.304184,
        84.37279 , 103.94836 ,  86.29753 ,  85.897316,  85.90349 ,
        76.12668 ,  87.78201 , 118.544525,  83.52771 , 119.95126 ,
        96.30876 ,  74.396225,  71.496124, 105.374146,  97.501526,
        96.11548 ,  92.18059 ,  89.651344,  81.04428 ,  91.9321  ,
       102.28052 , 105.64682 ,  76.34863 ,  88.275795,  74.79729 ,
        81.73386 , 106.80084 ,  93.78929 , 101.96022 ,  93.0676  ,
       113.01813 ,  95.09686 , 109.35026 ,  91.384636,  87.93881 ,
        81.5318  , 121.18671 ,  97.702866,  90.730255,  80.167816,
        79.013336,  74.653984, 105.80347 ,  98.92793 ,  75.8696  ,
        95.66569 ,  83.88951 ,  94.947815,  94.444954, 108.29698 ,
       105.39979 ,  87.29369 ,  99.46737 ,  81.61879 ,  93.43268 ,
        97.44086 ,  87.699295,  81.99063 ,  91.7711  ,  74.256004,
        74.400955, 129.86821 ,  92.71976 ,  79.5036  ,  73.22255 ,
        79.99388 ,  87.2744  ,  95.88039 , 105.86882 ,  81.30494 ,
        67.112946,  78.50869 ,  85.342514,  73.459   ,  77.86488 ,
       105.0965  ,  85.77015 ,  74.1608  , 103.829895,  76.785614,
        93.48575 , 109.62895 ,  95.117294,  84.819046,  99.88106 ,
        86.45517 ,  89.25412 ,  89.96974 ,  93.17192 , 107.44185 ,
        61.738213,  77.5869  ,  78.006546,  89.71443 , 120.01863 ,
        90.28282 ,  96.7805  ,  79.80502 ,  92.511154,  81.17934 ,
        73.82425 ,  95.244354,  71.56607 , 106.5845  ,  87.71387 ,
        82.43619 ,  85.87364 , 102.622116,  93.301285,  99.21162 ,
        91.436005,  76.687256,  96.22568 , 121.13249 ,  88.1448  ,
       100.69052 ,  78.53005 , 102.82482 , 108.76748 ,  92.61372 ,
        96.62645 ,  78.18656 ,  79.90662 ,  90.711365,  85.99445 ,
       102.455826,  86.56619 ,  93.027145,  80.57625 ,  88.7659  ,
        86.61461 , 106.51796 ,  98.60886 , 105.006065,  83.682945,
        67.79708 ,  96.84474 ,  81.027176,  84.89306 ,  76.8772  ,
       116.53406 ,  78.106125,  72.87193 , 116.31058 ,  81.26523 ,
        87.712616,  94.65282 , 102.341255,  89.794205,  97.17343 ,
        73.25444 ,  92.77266 ,  87.29744 ,  89.07027 ,  84.56984 ,
        93.19913 ,  93.168564,  97.747375,  99.58169 ,  79.53046 ],
      dtype=float32), array([ 97.39537 ,  85.8821  ,  86.93671 ,  92.225296,  90.65055 ,
        82.87743 , 100.508606, 122.74234 ,  61.486458,  76.84252 ,
        96.291336,  82.455414,  84.44998 , 106.10811 ,  89.42907 ,
        83.70991 ,  75.19003 , 119.97208 ,  89.93779 ,  99.964874,
        98.619446,  91.86653 ,  70.4491  ,  92.87648 ,  95.99037 ,
        88.26573 ,  96.59904 , 106.12741 ,  94.25916 ,  85.23805 ,
        86.72598 , 116.68701 ,  82.40034 ,  89.05491 , 106.34621 ,
       103.053535,  80.759186,  91.95353 , 132.22102 ,  87.37464 ,
       106.73917 ,  98.93507 ,  84.66666 ,  90.807526,  99.963615,
        92.57306 , 100.36763 ,  95.12564 , 103.71005 ,  96.82811 ,
        87.11211 , 101.86539 ,  97.34168 ,  95.70368 ,  88.22173 ,
        91.22694 ,  79.79357 ,  77.81577 ,  71.08345 ,  84.23695 ,
        90.89119 ,  86.54769 , 104.040794,  93.47142 ,  91.12501 ,
        86.06123 ,  93.808334,  89.6348  ,  84.06854 ,  75.38785 ,
        78.12857 ,  75.36167 ,  83.43059 ,  83.475174,  96.93175 ,
        74.708305,  89.369   ,  80.89125 ,  62.083977,  98.393936,
       102.243774,  84.848755,  66.602806,  93.431046,  83.90262 ,
        83.770935,  97.82858 ,  82.614365,  96.809906,  70.203255,
        68.929955,  89.22992 ,  88.36724 , 105.40281 , 105.28054 ,
        78.20857 , 110.28267 ,  75.72978 , 118.36592 ,  73.957085,
       103.70994 ,  71.21968 ,  84.80127 ,  84.58241 ,  98.94122 ,
       132.14236 ,  79.32411 ,  93.94865 ,  90.74074 , 105.16275 ,
        90.24424 , 105.74218 , 108.14985 , 102.85536 ,  66.28827 ,
       108.37399 ,  80.26596 ,  88.25378 ,  93.72002 , 112.18441 ,
        99.61546 ,  72.27478 ,  94.80527 ,  69.90384 ,  98.20827 ,
        79.61191 ,  82.009415,  99.42482 ,  88.477745,  77.01662 ,
        92.76416 ,  90.20617 ,  95.957596,  85.57049 , 108.22354 ,
        83.680336, 113.43245 ,  75.611664,  77.31208 ,  76.675674,
        96.309135, 105.29082 ,  82.41751 ,  83.682816,  98.59179 ,
        92.713356,  87.872375, 101.22943 ,  87.7554  ,  93.85736 ,
        96.31869 ,  84.12826 ,  92.334435,  83.25929 ,  81.42749 ,
       102.4182  , 106.73767 , 114.975845,  90.1685  , 109.408066,
        88.96146 ,  78.50631 ,  82.55908 ,  74.69523 ,  84.48359 ,
        88.90708 ,  90.47795 ,  84.07637 , 101.984146,  93.93516 ,
        90.186485, 103.706314,  73.50276 ,  84.064865,  96.769485,
       106.250984, 100.96695 ,  94.556595, 105.7936  ,  73.824745,
        90.393074,  90.37138 , 103.47672 , 101.46181 ,  93.894165,
        93.69293 ,  72.69997 ,  97.2877  ,  80.900856, 103.03906 ,
        73.56009 ,  95.57436 ,  94.85355 , 104.84903 ,  83.28932 ,
       108.573364,  97.56036 ,  82.05857 ,  54.57023 ,  97.27349 ,
        94.5166  ,  81.41398 ,  83.91525 ,  84.77371 ,  77.9321  ,
        94.0621  ,  91.950806,  94.75491 ,  82.71035 ,  77.41757 ,
        65.331314,  79.709564,  86.98837 ,  70.052505,  88.34287 ,
        93.27828 ,  92.901794,  70.88435 ,  95.69359 ,  91.549255,
        76.01288 ,  81.9742  ,  90.58923 , 104.96841 , 120.37865 ,
       110.82202 , 107.45317 ,  90.05182 ,  98.8436  ,  98.64502 ,
        92.68612 ,  96.59365 ,  82.085724,  81.49224 ,  81.631676,
        66.137436,  86.76611 ,  97.95501 ,  98.70134 ,  99.35726 ,
        92.222946,  78.50305 ,  93.84906 ,  95.19209 ,  94.99208 ,
        80.52016 ,  83.17882 ,  97.78735 ,  86.04274 ,  91.604935],
      dtype=float32), array([108.24633 , 110.67    ,  92.49844 ,  79.977936,  92.5069  ,
        94.82449 ,  98.707115,  79.679924, 105.391   ,  80.029755,
        88.01799 ,  98.3536  ,  88.34314 ,  80.20564 ,  68.14317 ,
        65.598015,  83.85628 ,  65.02529 ,  96.877884,  90.35248 ,
       100.23396 ,  91.93309 ,  92.863495,  74.02232 , 108.38487 ,
        98.751465,  96.31584 ,  97.88995 ,  78.56149 ,  71.19192 ,
        89.1886  ,  93.16561 ,  56.781216,  69.595215,  96.358246,
        89.019714, 100.030945, 103.918915,  96.22838 , 101.569   ,
       117.65866 ,  76.33489 ,  97.465576,  86.608055,  73.36623 ,
       104.05769 , 106.639404,  73.57335 ,  92.32032 ,  81.39288 ,
        94.14303 , 101.625885,  79.61034 ,  96.18898 , 101.99451 ,
        97.05847 ,  88.33966 ,  91.34706 ,  99.21867 ,  91.52089 ,
        79.05284 ,  86.63571 ,  97.87193 ,  91.30484 , 115.82225 ,
        86.41316 ,  94.95195 ,  78.809555,  72.99775 ,  94.90528 ,
        89.02853 ,  83.78063 , 115.72128 ,  82.80098 ,  88.96983 ,
        93.77606 ,  82.52595 ,  86.17561 ,  86.79057 , 100.58904 ,
        98.66049 ,  81.410385,  76.00789 ,  97.89938 , 133.9195  ,
        85.35315 ,  97.135155, 107.328476, 108.08546 ,  87.804855,
        98.57637 ,  63.553246,  85.446014,  92.12916 , 107.50296 ,
        98.655045,  89.74308 , 115.368164,  88.620895,  84.3723  ,
        81.60403 ,  97.86355 ,  98.63064 ,  88.54389 ,  89.99899 ,
        72.34434 ,  82.82446 ,  83.216   ,  99.59585 ,  94.68787 ,
        80.86672 ,  83.0118  ,  99.444595,  90.24579 ,  88.44827 ,
        78.09457 ,  99.95542 , 131.20145 ,  98.16461 ,  95.561134,
        85.63898 ,  71.290215,  79.168076,  82.98256 ,  81.415375,
        85.04396 ,  81.79558 ,  98.25264 ,  90.29268 ,  94.51674 ,
        80.914474,  81.14181 ,  85.521866,  71.23166 ,  86.94517 ,
        88.10434 , 100.07851 ,  96.480606,  71.99176 ,  92.03227 ,
        74.8692  ,  86.54123 ,  77.51569 , 115.70894 ,  71.87404 ,
       104.38493 ,  56.1874  , 110.71989 , 129.45291 , 102.82495 ,
        92.027405,  92.34332 ,  77.78769 ,  87.2264  ,  81.08883 ,
        85.20025 ,  79.38268 ,  84.82617 ,  72.01781 , 104.11812 ,
       100.82359 ,  76.20973 ,  95.58155 ,  90.96457 ,  70.542984,
        76.273285,  94.201515,  95.891754,  82.549034,  98.17221 ,
       105.283035,  72.3647  ,  86.782524,  82.37926 ,  86.24185 ,
       102.00177 ,  92.66505 , 102.26813 , 107.34155 ,  84.45478 ,
        85.2874  , 100.32242 ,  95.13444 ,  68.67879 , 104.50371 ,
       105.408264,  88.791336,  88.017685,  85.58827 ,  99.782684,
        82.6509  ,  84.692505, 115.149734,  93.28894 ,  84.09238 ,
        82.209526,  92.32975 ,  93.273605, 135.35226 ,  87.318954,
       104.20911 ,  85.78449 , 102.00842 ,  91.24411 ,  90.12053 ,
        67.88116 ,  97.82106 , 131.04358 , 114.07718 ,  80.1028  ,
        81.9906  ,  92.14845 ,  67.1433  ,  99.167175,  69.43649 ,
       114.459   ,  91.27933 , 102.922714,  89.94633 ,  97.93738 ,
        92.037964,  87.36554 ,  89.23967 ,  93.94832 ,  98.156204,
        87.17239 ,  90.05067 ,  95.04062 , 102.29214 , 119.020294,
        75.87203 ,  90.98439 ,  86.739975, 107.01292 ,  91.94464 ,
        96.13219 ,  85.53345 ,  85.213745,  82.63811 ,  96.09535 ,
        69.69754 ,  93.37522 ,  96.38872 ,  78.65724 ,  82.7073  ,
        85.99689 , 101.918884,  69.868774,  99.72633 , 105.3398  ],
      dtype=float32), array([ 89.35001 ,  98.78342 ,  83.75044 , 100.369   ,  89.5067  ,
        95.879456,  84.437744,  95.80925 , 104.933975,  78.37874 ,
        98.90622 ,  97.88217 ,  94.830605,  80.90062 ,  73.20783 ,
       109.48623 ,  97.97354 , 108.29312 ,  54.176025,  79.45233 ,
       105.22565 , 102.32756 ,  96.25801 ,  86.776306,  95.76311 ,
        77.48859 ,  88.11191 , 115.43857 ,  97.155716,  79.921875,
        91.25271 ,  83.8383  , 107.51749 ,  89.89061 ,  73.81053 ,
        97.67168 ,  95.85487 ,  87.119675,  96.73772 , 134.72835 ,
       102.03217 , 102.99443 ,  74.71852 ,  84.06547 ,  74.69516 ,
       106.95543 , 106.62873 ,  88.67493 , 102.578705, 114.82623 ,
        68.048584,  98.50453 , 117.26033 ,  98.96783 ,  89.53383 ,
        79.60199 ,  90.1879  , 106.85398 ,  96.41054 ,  82.472626,
        87.24686 ,  87.00852 , 106.77969 , 110.74873 ,  73.5444  ,
        89.222946, 105.12029 ,  97.90984 ,  91.21413 ,  89.27915 ,
        95.49158 , 108.51999 ,  79.39545 ,  87.07698 ,  86.087296,
        79.69446 , 102.48497 ,  89.639206,  93.598206,  78.2753  ,
        98.873856,  87.680374,  92.546875,  98.01619 ,  87.709755,
        82.893814,  87.69154 ,  95.84115 ,  82.24936 ,  70.368324,
       108.28496 ,  97.499725, 119.19237 ,  92.74176 ,  94.07532 ,
        82.12132 , 133.33891 ,  61.740814,  98.676285, 111.74669 ,
       122.13716 ,  90.906334,  97.64923 ,  78.43474 ,  85.73938 ,
        90.91174 ,  86.24903 ,  87.13904 ,  97.68454 ,  77.38276 ,
        94.91478 ,  80.44591 ,  91.26488 , 116.774025,  88.06074 ,
        94.724625,  80.589264,  86.76622 ,  79.88645 ,  89.495705,
        97.49676 ,  93.297775,  88.37777 ,  88.55352 ,  77.64737 ,
        80.272995,  86.540535,  77.80687 ,  85.48802 ,  96.27994 ,
        83.349335,  82.40219 ,  92.92499 ,  83.13129 ,  96.85962 ,
        93.1133  , 106.29797 ,  88.61084 ,  93.42128 ,  70.37564 ,
        87.36923 ,  80.66896 ,  76.38314 ,  88.79596 , 110.51155 ,
        98.56408 ,  97.09657 ,  92.32813 ,  81.96237 ,  82.47513 ,
        84.96449 ,  82.84337 , 115.731705,  97.509056,  81.151   ,
        91.27826 ,  93.331345,  85.53616 , 121.90251 ,  83.20439 ,
        80.726135,  92.62972 ,  82.49726 ,  91.02484 ,  82.70227 ,
       101.70302 , 104.26283 ,  77.02637 ,  82.6975  ,  96.546425,
       103.52976 ,  99.29847 ,  96.15204 ,  93.31723 ,  86.40672 ,
        91.44038 , 114.83778 ,  92.60423 , 110.14761 , 111.79196 ,
        74.44602 ,  94.41896 ,  85.91962 ,  68.78889 ,  88.12013 ,
        77.858475,  77.31725 ,  95.83035 ,  90.59773 ,  85.07645 ,
        92.28885 , 105.03023 ,  83.17503 ,  83.7879  ,  72.78136 ,
       106.26304 ,  85.78258 , 114.91932 , 104.64882 , 104.800934,
        74.60504 ,  95.19345 ,  93.96207 ,  91.29663 ,  91.93143 ,
       105.42891 , 107.61705 ,  96.37002 ,  97.72276 ,  72.84445 ,
        79.348885, 105.48958 ,  88.64047 ,  92.605064,  99.2762  ,
        84.12623 ,  85.912094,  80.704895,  99.02335 ,  97.97086 ,
        94.092636,  86.04596 , 114.39828 ,  96.94975 ,  92.91391 ,
        86.53455 ,  91.97231 , 112.85112 ,  91.29614 , 102.92778 ,
        72.24767 , 106.518005,  86.92609 ,  82.54433 ,  77.84963 ,
        85.59447 , 101.34735 ,  85.979195,  79.05205 ,  95.469894,
        95.762566,  87.64023 ,  80.813934,  96.70824 ,  68.915016,
        94.77533 ,  87.51854 ,  95.0432  ,  82.96985 ,  91.71492 ],
      dtype=float32)]
[array([108.22037 ,  78.15253 ,  92.0813  ,  77.334496,  83.47472 ,
       103.28819 ,  78.37229 , 103.17714 , 112.05577 ,  83.36955 ,
        77.88115 , 105.62936 ,  92.472885, 110.314545,  84.71159 ,
       100.04874 , 101.77982 ,  97.2151  , 102.89685 ,  88.30542 ,
       101.346825, 109.81792 ,  95.302155,  77.08884 ,  88.57855 ,
       109.20772 ,  74.03548 , 111.496185,  64.50332 ,  81.816895,
        89.352394,  86.71591 ,  92.65607 ,  96.87869 ,  99.64665 ,
        90.155945,  96.35608 ,  83.91642 ,  78.452286, 112.089584,
       106.94361 ,  94.45391 ,  80.08983 ,  65.17247 ,  86.10979 ,
       110.54843 ,  81.14989 ,  79.13678 , 112.944244,  77.16551 ,
        95.29527 , 104.526985,  86.53847 ,  92.814255,  76.129776,
        86.2417  ,  98.302185, 108.519226,  69.44076 ,  90.07213 ,
        88.98372 ,  97.59001 , 104.227905,  89.30513 ,  76.70764 ,
       105.40628 ,  88.1317  , 104.540985,  85.38347 ,  96.53387 ,
        91.96878 ,  91.90235 ,  71.24777 ,  95.801926, 102.21652 ,
        96.6797  , 109.43952 ,  81.03133 ,  93.42609 ,  67.83858 ,
        90.440094,  84.237686, 100.044   ,  81.34006 ,  97.76773 ,
        92.18632 ,  94.515625, 123.82247 , 104.19951 ,  95.95659 ,
        97.93083 , 103.519684,  87.79355 ,  92.11145 ,  82.52559 ,
        88.09285 ,  85.8069  , 115.02482 ,  89.27232 ,  73.793396,
        74.9648  , 119.914986,  89.87756 ,  82.96131 ,  99.153534,
        87.26301 ,  84.62358 , 107.20557 ,  82.47194 ,  95.85013 ,
        99.474396,  76.49162 ,  90.51818 ,  88.95589 ,  90.41753 ,
        94.3893  , 108.087494, 104.379684,  89.26924 ,  88.15071 ,
        90.06178 , 100.86589 , 102.28328 ,  96.09979 , 103.07471 ,
        58.542336,  75.05782 ,  78.14607 ,  86.38845 , 117.371   ,
        94.340836,  91.080246,  79.78522 ,  85.86687 , 102.35422 ,
       121.7784  ,  80.1909  ,  98.45772 ,  86.99659 ,  97.65654 ,
        83.35078 ,  82.57933 ,  95.46835 , 101.28404 ,  99.999695,
       108.306564,  75.02991 ,  91.812675,  87.28696 ,  85.29805 ,
        92.87828 ,  91.94861 ,  82.99396 , 110.42609 ,  84.48097 ,
        96.730225,  82.0027  , 119.25934 , 135.11624 , 121.511185,
        92.4744  ,  91.38681 , 115.46733 ,  76.97748 , 101.31625 ,
        88.08923 ,  98.14827 ,  95.39314 ,  82.479904,  94.175064,
        91.88927 , 108.61052 ,  72.71726 , 101.66811 ,  90.14197 ,
        72.2036  ,  96.4432  ,  85.73953 ,  79.72477 ,  94.55653 ,
        93.37126 ,  92.82986 ,  77.02226 , 104.60005 , 122.19908 ,
        87.11429 ,  69.0641  ,  73.29471 ,  96.04606 ,  82.89862 ,
        95.25293 ,  87.28647 ,  91.82146 ,  75.35986 ,  97.25908 ,
        88.04123 , 112.756645, 113.1521  ,  91.505646,  93.32579 ,
        72.49324 , 100.5483  ,  86.808464, 103.807236,  90.423035,
       101.593216,  78.402756,  96.388626,  83.28836 ,  65.950935,
        90.95758 ,  87.00687 ,  57.229126,  84.84035 ,  83.076035,
        79.447845,  75.69049 , 100.23486 ,  78.716225,  89.73225 ,
        95.043755,  74.35005 , 104.30226 ,  79.87788 ,  90.77305 ,
        76.895294,  99.68404 ,  84.05576 , 121.77202 ,  75.62182 ,
       106.25952 ,  89.80759 ,  86.89682 ,  99.22562 ,  78.45956 ,
        71.90881 ,  73.07295 ,  80.97987 ,  92.92346 , 105.024   ,
        96.4833  ,  87.59488 ,  85.786766,  93.05272 ,  86.89168 ,
        89.40222 ,  82.72254 ,  86.148926,  97.79368 , 105.34244 ],
      dtype=float32), array([ 71.92018 ,  85.83858 ,  98.88687 ,  81.65619 ,  95.24553 ,
       100.38097 , 104.98093 , 111.75954 ,  95.99583 ,  67.000565,
        92.338066,  85.3696  , 116.04495 ,  90.52544 , 119.41021 ,
        77.772995, 143.31966 ,  76.36194 ,  74.257614, 104.90625 ,
       111.122696,  90.82742 ,  71.52898 ,  95.44122 ,  90.721115,
       110.98634 ,  88.76666 ,  87.381226,  89.51748 ,  84.599686,
       108.16051 ,  97.22493 , 110.795   ,  95.24811 ,  70.8664  ,
        74.61586 ,  71.90297 ,  89.29472 ,  92.04556 ,  87.89072 ,
        99.679   ,  65.60533 ,  89.214066,  81.781235, 115.82706 ,
        89.3767  ,  77.35696 ,  99.08602 ,  96.719406,  72.47588 ,
        92.24878 , 112.87576 ,  93.371414,  93.169685, 103.04321 ,
        82.259415, 116.02643 ,  70.892235,  85.92822 ,  80.49701 ,
        82.15654 ,  96.087906,  80.40414 ,  86.49422 ,  99.18973 ,
        84.7981  ,  84.87108 ,  91.52751 ,  82.57027 ,  95.140274,
       111.64238 ,  79.065   ,  99.91645 ,  69.17418 ,  72.10086 ,
       118.17449 ,  77.42891 ,  84.41112 ,  90.1187  ,  75.76451 ,
        74.050674,  64.55429 ,  84.76692 ,  90.30934 ,  77.79953 ,
        78.180405,  93.16638 ,  68.40326 , 103.08177 ,  89.227936,
        94.855515,  84.3262  ,  91.24661 ,  86.007904,  64.58648 ,
        93.973465,  84.260506,  93.69446 , 107.82851 ,  72.53975 ,
        86.273544,  88.18283 ,  93.62466 ,  67.45418 ,  80.57712 ,
        86.31577 ,  71.40658 ,  94.21921 ,  90.32008 ,  92.549866,
        85.79492 ,  78.97551 ,  97.35253 ,  86.223526,  87.16216 ,
        67.28359 ,  86.864975,  85.97587 ,  85.66997 ,  96.57402 ,
        74.40819 ,  84.37314 , 101.082886,  83.80764 ,  86.02211 ,
        95.03627 ,  86.67467 ,  99.458916,  99.81567 ,  92.716965,
        91.46951 ,  79.25725 ,  88.37157 ,  94.369896,  80.74581 ,
        86.182495,  77.54263 , 107.99031 ,  88.68818 , 119.64639 ,
       102.861374,  88.15904 ,  94.47319 ,  85.61861 ,  75.75079 ,
        88.409386,  82.579575, 100.751175,  98.21133 ,  81.70448 ,
        95.29055 ,  84.59509 ,  87.62436 , 109.00215 , 102.24208 ,
        93.88138 , 101.54017 ,  80.163666, 106.0013  ,  86.18819 ,
        91.28701 ,  95.65222 ,  89.58962 ,  97.58736 ,  89.74778 ,
        90.331345,  83.09512 ,  91.87692 ,  94.46735 ,  74.85356 ,
        83.406265,  94.34575 ,  70.1062  ,  96.93859 ,  71.27211 ,
        74.84219 ,  82.034256,  82.182434,  83.17207 ,  83.04788 ,
        74.47974 ,  77.06873 ,  84.31123 ,  82.31067 ,  95.13652 ,
       101.24671 , 114.10058 ,  96.0663  , 101.48544 ,  80.58492 ,
        79.71036 ,  86.34921 ,  84.16672 ,  82.13159 , 103.36626 ,
        75.09858 ,  74.22852 , 105.15773 , 101.37314 ,  92.93006 ,
        96.3294  , 105.30791 ,  68.81987 ,  97.72838 ,  96.97664 ,
        68.241165,  90.38603 ,  93.61932 ,  98.79579 , 105.64364 ,
        99.803955, 104.70769 ,  80.2083  ,  68.69275 , 105.68379 ,
        91.786606, 102.84065 ,  72.86231 ,  95.49211 ,  77.46397 ,
        89.49332 ,  95.311516, 102.43686 ,  96.60724 ,  88.13597 ,
       119.31227 , 108.63579 ,  75.0166  ,  75.17703 ,  73.02771 ,
        81.425674,  54.267063,  91.53466 , 104.184616,  88.05119 ,
        85.92952 ,  98.031525,  81.15517 ,  91.62953 ,  91.79198 ,
        87.53804 ,  78.804214,  95.47098 ,  85.14096 ,  94.865845,
        96.829575,  94.04887 ,  78.05979 ,  89.167816,  91.74703 ],
      dtype=float32), array([ 95.01423 , 103.19125 , 110.70691 , 111.61539 , 103.68251 ,
        98.618675,  67.55067 ,  81.53076 , 102.82317 ,  78.97345 ,
       108.71984 ,  90.41743 ,  80.24791 , 110.885765, 112.10486 ,
        90.339966, 105.26517 ,  84.19262 ,  81.43591 ,  80.6069  ,
       108.503525,  96.23507 ,  85.94039 ,  93.73589 ,  93.401245,
        94.20849 ,  90.92955 ,  96.55928 ,  93.62    , 111.960495,
        94.0433  , 116.484985,  90.55287 ,  78.594536,  58.05533 ,
        76.454   ,  92.06467 ,  75.64719 ,  86.65523 ,  89.80913 ,
        73.67992 ,  72.69366 ,  73.69351 ,  83.50166 ,  94.39798 ,
       107.38862 ,  88.641815,  95.3788  , 102.03403 , 110.95174 ,
        81.89107 ,  85.181335, 100.38354 ,  79.00751 ,  86.59297 ,
        90.2469  ,  80.383224, 112.446495,  64.15494 ,  94.26683 ,
       103.09827 , 101.18581 ,  89.44815 , 106.44148 ,  98.552414,
        83.24502 ,  89.98848 ,  92.51062 ,  77.28002 ,  79.15347 ,
        86.57498 ,  87.15331 ,  83.576805,  69.514755,  93.644226,
        90.311035, 113.85117 ,  84.05019 ,  91.90234 ,  98.02139 ,
        94.96311 ,  94.96559 ,  94.19344 , 102.42297 ,  95.5503  ,
        77.51955 ,  91.923035,  75.79129 ,  80.202286,  88.48314 ,
       100.202255, 122.03383 ,  79.73189 ,  75.1488  , 141.3407  ,
        90.96826 , 117.13445 ,  75.582245,  82.47778 , 101.1422  ,
        89.42253 , 100.15403 , 106.51007 ,  89.95409 ,  85.72938 ,
        98.30905 ,  99.81427 ,  94.544525,  66.64593 , 126.3567  ,
        71.814896,  95.90798 ,  79.28084 , 104.54744 ,  96.9159  ,
        89.85187 , 107.3164  ,  85.93552 ,  86.92617 ,  91.03108 ,
        83.447205,  82.31394 , 120.20328 ,  72.3277  ,  90.98062 ,
       114.568375,  87.39249 ,  85.237434, 101.98168 , 101.95215 ,
        99.31882 ,  95.90358 , 121.47055 ,  81.85016 ,  86.34178 ,
        99.38305 ,  91.397316,  90.49898 ,  97.91461 ,  83.58048 ,
       116.01808 ,  95.1382  ,  73.655655,  75.97475 ,  87.73218 ,
        69.12544 , 108.91642 ,  79.50013 ,  85.782684,  86.195755,
        74.4837  ,  87.92941 ,  95.69093 ,  73.08731 ,  81.930084,
       110.80702 ,  91.42041 , 108.132385, 101.04004 ,  80.53102 ,
        88.19468 , 102.68265 ,  96.3542  ,  91.03278 ,  65.29263 ,
        89.564896, 104.80481 ,  77.44359 , 116.99153 ,  82.77361 ,
        84.18297 , 105.3241  ,  92.24248 ,  81.00771 ,  88.36123 ,
        71.318344,  97.78277 ,  87.44524 , 107.6066  ,  93.662125,
        87.22587 ,  85.59897 ,  80.62395 ,  81.46125 ,  85.37831 ,
       105.791985,  78.36348 ,  98.51593 ,  72.05652 ,  91.55577 ,
       107.892944,  91.514694,  99.02708 ,  89.89041 ,  81.56691 ,
        87.32306 ,  97.55425 ,  75.94501 , 108.2959  , 117.673615,
        90.56923 ,  77.78726 , 107.74754 ,  78.11539 ,  80.86398 ,
       108.30621 ,  92.15191 ,  69.15309 ,  96.00014 ,  87.33273 ,
        88.61158 ,  86.397675,  90.8178  ,  93.55807 ,  89.80946 ,
        85.67168 , 100.28549 ,  99.78468 ,  78.61461 , 114.90309 ,
        89.61745 , 101.55137 ,  92.31819 , 101.164185, 107.58055 ,
        97.192505,  97.87993 ,  77.15842 ,  90.53416 ,  74.35714 ,
        88.01161 , 101.48845 ,  91.092804,  84.19443 ,  87.59927 ,
        91.413635,  90.94865 ,  76.03035 ,  76.78045 ,  88.01207 ,
        76.61014 ,  91.8969  ,  90.90234 ,  97.067276, 104.97824 ,
        99.94049 ,  89.291245,  81.282684,  79.460434,  93.431404],
      dtype=float32), array([ 91.86679 ,  80.064224,  83.42726 ,  96.92848 ,  85.43936 ,
       123.50897 , 105.97693 , 105.766174,  96.33992 , 119.23339 ,
        94.747025, 102.26453 ,  90.56401 ,  86.54039 ,  91.99736 ,
        85.588455, 106.25925 ,  83.699295, 102.774155,  95.81439 ,
        78.98731 , 109.03348 ,  96.21835 ,  97.857864,  85.94997 ,
        93.321335, 114.96576 ,  88.30193 ,  87.65104 ,  97.92616 ,
        92.36136 ,  92.28374 ,  92.946655,  76.19588 ,  78.01318 ,
        77.85639 ,  90.015396,  82.22211 ,  84.79659 , 104.02415 ,
        79.178925,  75.30824 ,  67.68352 , 108.3307  ,  84.76225 ,
        81.285774,  60.137352,  95.6606  , 105.066086,  83.78004 ,
        93.34941 ,  87.3554  , 101.10841 ,  87.26317 ,  96.32939 ,
       106.25148 , 109.36122 ,  73.65546 ,  94.36191 ,  92.56157 ,
        99.67821 ,  86.058556,  87.03685 ,  94.44128 ,  93.75393 ,
        88.860016, 120.43724 ,  98.15529 ,  85.53183 ,  96.20216 ,
        88.37353 , 114.13101 , 101.6931  ,  79.1737  , 100.99398 ,
       102.75711 ,  75.39231 , 112.569534,  86.39899 ,  65.95889 ,
       101.64508 ,  97.14552 ,  88.77931 , 102.5472  ,  96.75748 ,
        93.45374 , 112.66994 ,  88.28122 , 106.74548 ,  87.31604 ,
       103.03    ,  89.739006,  91.65878 ,  92.3667  ,  85.95873 ,
       106.95961 , 128.38657 , 113.12106 ,  78.69855 , 103.46947 ,
        90.54815 ,  81.07025 ,  75.43163 ,  90.55293 ,  83.13365 ,
        90.45225 ,  82.88418 ,  70.44446 , 110.15156 ,  81.48516 ,
        92.812386,  96.21949 ,  87.14163 ,  93.267845,  82.071815,
        90.95226 ,  90.60437 ,  76.96315 ,  77.87906 ,  86.11603 ,
        96.56378 ,  72.18072 ,  90.810165,  98.59149 ,  97.01718 ,
        82.45749 , 132.26642 , 101.30551 , 107.7903  ,  84.30388 ,
        92.4588  , 100.996826,  75.99417 ,  91.56847 ,  77.86053 ,
        83.61573 ,  86.35442 , 102.70732 , 102.822815,  65.35225 ,
        93.8141  ,  97.557205, 116.33848 , 100.21038 ,  87.899536,
        94.99004 ,  94.1162  ,  95.53938 ,  79.05611 , 103.95901 ,
        97.5361  ,  98.20835 ,  83.07051 , 103.591934, 100.74689 ,
        80.03474 ,  90.25928 ,  94.0987  ,  83.90715 , 105.462166,
        84.92439 , 105.35222 , 110.0347  ,  85.35615 ,  82.00295 ,
        84.99638 ,  83.25961 ,  77.56856 ,  85.465836,  82.092255,
        78.26295 ,  83.65643 ,  87.0818  , 113.073044,  85.5514  ,
        88.89166 ,  80.304695,  93.2807  ,  92.591324, 107.83612 ,
        91.38771 ,  99.883835,  93.6142  ,  88.549194,  94.68487 ,
        87.05177 ,  93.316864, 100.014496,  73.72899 ,  82.73023 ,
       120.07943 ,  75.58963 ,  98.52696 ,  71.74602 , 107.12164 ,
       108.09281 ,  99.33348 ,  83.698746,  99.049934,  79.29143 ,
        85.2036  , 123.02884 , 106.2953  , 107.893036,  95.78853 ,
        85.74672 ,  91.27524 , 108.12344 ,  76.04374 , 103.48325 ,
        78.60004 , 119.61923 ,  90.11991 ,  84.53615 ,  91.95469 ,
        68.914024,  86.49131 ,  63.3313  ,  96.26898 ,  84.45067 ,
        96.96361 ,  76.13153 ,  94.23053 ,  92.305786,  93.97974 ,
        77.33583 ,  97.01399 ,  69.89397 ,  90.93916 ,  87.00438 ,
       109.66699 , 101.66664 ,  87.98244 ,  78.31702 ,  90.89668 ,
       100.908646,  88.04993 , 106.81339 , 103.0807  ,  79.00961 ,
        91.094864,  90.90857 , 113.885086, 110.217575,  94.481186,
        88.65523 , 100.963326,  93.82283 ,  95.09289 ,  99.53963 ],
      dtype=float32), array([ 91.07605 ,  83.10487 ,  73.03731 ,  81.9225  ,  79.28092 ,
        90.82225 ,  81.45961 , 100.32172 ,  84.29765 ,  92.40222 ,
        87.32881 ,  80.87952 ,  81.99582 ,  88.957535,  86.47465 ,
        94.45915 ,  86.87526 ,  91.589096,  95.31847 ,  90.29735 ,
       100.68494 ,  91.3257  ,  84.59837 ,  83.35748 ,  91.08418 ,
        73.87657 ,  94.426605,  89.58087 , 111.88945 ,  88.637535,
        83.776794,  91.39169 , 103.966446,  89.90996 ,  83.497604,
        90.713135,  98.39809 ,  93.57297 ,  95.06897 , 101.1517  ,
        88.368744,  97.330345,  70.556885, 124.6263  ,  80.39198 ,
        49.551918,  88.03447 ,  96.6263  ,  80.60882 ,  97.363495,
       108.052505,  79.02328 ,  94.84656 ,  94.51528 ,  77.52661 ,
       102.45779 , 105.575714, 100.98041 , 106.9449  ,  96.63762 ,
        92.428375,  90.72436 ,  77.772964,  87.525055,  95.801956,
        74.55408 , 125.257385,  74.22486 ,  96.013756, 109.5238  ,
        86.66002 ,  87.81407 ,  95.95099 ,  95.13354 ,  99.79593 ,
        73.485756, 111.02774 ,  94.49741 , 116.78697 ,  69.67376 ,
       113.91495 ,  91.606224,  77.319336,  92.00195 ,  92.82253 ,
       108.062256, 106.77296 , 100.0681  ,  96.05774 , 119.12359 ,
        88.38968 ,  95.87108 ,  93.917404,  94.43698 ,  89.38405 ,
        85.79278 ,  76.43869 , 106.736534,  94.00224 ,  97.71478 ,
       111.120514, 118.78885 ,  96.64123 ,  98.39505 , 103.15236 ,
        90.76255 ,  75.69275 ,  95.86191 ,  81.59845 , 100.68988 ,
        96.15729 , 103.07402 ,  92.278015,  95.1722  ,  89.89104 ,
       124.961   ,  82.0665  ,  81.23486 ,  63.594006,  92.05095 ,
        86.65427 ,  89.594826,  91.022446,  84.757835,  86.0194  ,
        81.36557 ,  71.54077 ,  83.174515,  99.18395 ,  86.38824 ,
       105.34082 ,  90.35319 ,  97.23993 ,  90.94325 ,  97.150215,
        80.364655,  78.59847 ,  68.83417 , 106.1608  ,  79.239006,
        81.80702 ,  78.14819 ,  79.90296 ,  93.63277 , 111.350975,
        85.33313 ,  90.60088 ,  90.787285, 112.86483 , 109.890945,
        97.291374,  89.197174,  90.043945,  96.00296 ,  96.23409 ,
        87.82413 ,  70.95151 ,  73.45831 ,  72.666275,  73.04669 ,
        82.29828 , 103.062744,  82.655464,  81.10098 ,  76.51816 ,
        74.67041 ,  97.97214 ,  94.594406,  86.7362  , 105.149994,
        80.83275 ,  90.75233 , 107.911865, 103.78485 , 122.069565,
        78.763145,  82.49553 ,  85.720566,  88.71348 , 104.762375,
       106.10016 ,  84.34323 ,  84.98483 ,  80.77205 ,  88.17369 ,
        75.016396,  94.14836 ,  95.78389 ,  78.11489 ,  80.82947 ,
        97.123   ,  92.01274 ,  95.52316 ,  96.06343 ,  90.2731  ,
        85.62187 ,  91.40492 ,  82.98069 ,  97.66024 ,  93.84862 ,
       112.07941 ,  79.11073 ,  96.57914 ,  96.57604 , 108.928955,
       109.28439 ,  80.8908  ,  98.44851 , 100.70673 ,  78.57146 ,
        78.46803 ,  80.439285,  76.70352 ,  80.481766,  88.345474,
        75.64368 ,  82.309586,  78.15    ,  83.76726 , 108.06609 ,
        89.70777 ,  74.76128 ,  86.940674,  82.677185,  90.11075 ,
        83.93219 ,  73.660355,  94.52557 ,  86.10791 , 101.014786,
        75.7715  ,  86.63902 , 104.4107  ,  86.105644,  82.90114 ,
        86.95412 ,  84.04964 ,  98.42897 ,  86.293915,  94.15428 ,
        93.53992 ,  81.72208 ,  97.56661 ,  82.78563 ,  91.22479 ,
       110.0029  ,  95.695724,  87.86685 ,  90.126915,  81.52164 ],
      dtype=float32)]
